0.00000 -0.12333 0.00654 0.16103 0.17109 -0.14255 0.01590 0.00980 -0.00371 -0.03313 0.13171 -0.04967 -0.05944 -0.06638 0.07617 0.15065 -0.16930 0.00747 -0.00453 0.05708 -0.16303 -0.01193 0.15589 -0.03876 -0.01258 -0.12854 -0.15551 -0.00662 0.06419 0.10795
0.12333 0.00000 -0.01206 -0.03564 -0.27412 0.04043 0.07143 -0.00983 0.00078 0.14930 -0.01386 -0.15366 -0.01299 0.16036 -0.06716 -0.02227 0.11625 -0.06202 -0.01286 -0.12346 0.18976 0.01382 0.06189 -0.03519 0.00899 -0.04240 -0.11365 0.03403 -0.02115 0.08018
-0.00654 0.01206 1.00679 -0.00008 0.02477 -0.01118 -0.00085 -0.00123 0.00244 0.00499 -0.00851 0.00057 -0.00179 -0.00776 0.01086 0.00573 0.00418 -0.00785 -0.00280 0.00465 -0.00457 0.00230 0.01412 0.01234 0.00374 -0.01286 -0.00027 -0.00014 -0.05362 -0.01334
-0.16103 0.03564 0.00008 0.00000 0.12625 0.01346 -0.01929 0.00253 -0.00051 -0.04759 -0.00383 -0.02212 -0.01070 -0.01324 -0.05902 -0.02381 -0.09062 0.00085 0.00138 -0.12236 0.12618 -0.00511 0.24330 -0.13713 -0.06391 0.04606 0.18346 -0.11046 0.03004 0.00414
-0.17109 0.27412 -0.02477 -0.12625 0.00000 -0.15129 0.16276 0.00687 -0.00277 0.25224 -0.17942 0.01712 -0.05630 -0.15097 -0.08261 0.00121 0.19567 -0.01546 -0.00193 0.08162 0.10095 -0.00554 -0.08663 0.00114 0.09876 -0.12973 -0.00512 0.03135 -0.00558 -0.19372
0.14255 -0.04043 0.01118 -0.01346 0.15129 0.00000 -0.01096 0.00630 -0.00009 0.00926 0.05446 0.14948 0.02997 -0.01879 0.11783 -0.00133 -0.14663 -0.15715 0.00737 -0.13492 -0.05718 -0.00770 0.04982 -0.12747 0.09540 0.04629 -0.08413 0.00042 0.03423 0.08127
-0.01590 -0.07143 0.00085 0.01929 -0.16276 0.01096 0.00000 -0.00699 0.00292 -0.05711 -0.07270 -0.04344 0.00198 -0.07492 0.00142 -0.19281 0.04584 -0.17141 0.00562 0.07402 0.29662 0.00750 -0.09050 0.06992 -0.01982 0.00741 -0.04087 0.04190 -0.03424 0.01562
-0.00980 0.00983 0.00123 -0.00253 -0.00687 -0.00630 0.00699 0.99736 0.00010 0.00352 -0.00924 -0.00387 0.00700 0.00598 -0.00736 -0.00095 0.01840 -0.00284 -0.00276 0.00955 0.00817 0.00042 -0.00547 0.00467 0.00343 -0.00146 0.00031 -0.00270 0.03299 -0.00682
0.00371 -0.00078 -0.00244 0.00051 0.00277 0.00009 -0.00292 -0.00010 1.00078 -0.00136 0.00297 0.00277 -0.00077 -0.00273 0.00068 0.00225 -0.00464 -0.00037 0.00752 -0.00311 -0.00163 -0.00096 0.00594 -0.00073 -0.00116 -0.00239 -0.00151 -0.00002 0.00353 0.00168
0.03313 -0.14930 -0.00499 0.04759 -0.25224 -0.00926 0.05711 -0.00352 0.00136 0.00000 0.30862 0.08339 -0.17068 0.00743 -0.12810 -0.07937 0.01083 0.12126 -0.01681 -0.11712 0.12335 0.01036 -0.03097 -0.00182 0.10719 -0.00731 0.01307 -0.15885 0.01534 -0.06002
-0.13171 0.01386 0.00851 0.00383 0.17942 -0.05446 0.07270 0.00924 -0.00297 -0.30862 0.00000 0.00737 -0.14965 0.14353 0.02412 0.13254 0.10654 -0.00358 0.01280 -0.05064 -0.01323 -0.00669 0.06665 -0.03486 0.05697 -0.05209 0.00276 0.15376 -0.00371 0.00107
0.04967 0.15366 -0.00057 0.02212 -0.01712 -0.14948 0.04344 0.00387 -0.00277 -0.08339 -0.00737 0.00000 -0.03587 -0.09374 0.11705 -0.09876 0.04485 -0.04407 -0.00035 0.17620 -0.03440 -0.00671 0.15206 -0.04581 -0.05718 0.10538 0.06128 0.10511 0.00684 -0.11194
0.05944 0.01299 0.00179 0.01070 0.05630 -0.02997 -0.00198 -0.00700 0.00077 0.17068 0.14965 0.03587 0.00000 0.01332 0.02550 0.06393 0.06386 0.01115 0.00918 0.02826 0.12742 0.00200 -0.03935 0.19120 0.01499 0.21764 -0.01120 -0.05886 -0.00493 -0.04351
0.06638 -0.16036 0.00776 0.01324 0.15097 0.01879 0.07492 -0.00598 0.00273 -0.00743 -0.14353 0.09374 -0.01332 0.00000 -0.06120 -0.08269 -0.06312 0.06308 0.01593 0.15943 0.05322 0.00198 -0.01496 -0.14012 0.04049 0.07321 0.06892 0.01214 -0.01551 0.11401
-0.07617 0.06716 -0.01086 0.05902 0.08261 -0.11783 -0.00142 0.00736 -0.00068 0.12810 -0.02412 -0.11705 -0.02550 0.06120 0.00000 -0.19821 0.25092 0.07385 -0.00782 0.12119 -0.02071 -0.00155 -0.00788 -0.00027 -0.22372 0.08635 -0.03832 -0.02684 -0.01328 0.00574
-0.15065 0.02227 -0.00573 0.02381 -0.00121 0.00133 0.19281 0.00095 -0.00225 0.07937 -0.13254 0.09876 -0.06393 0.08269 0.19821 0.00000 0.01585 -0.08936 -0.00463 0.03461 -0.16420 0.00031 0.04494 0.02247 0.02667 -0.07724 0.25106 -0.11516 -0.03161 0.15660
0.16930 -0.11625 -0.00418 0.09062 -0.19567 0.14663 -0.04584 -0.01840 0.00464 -0.01083 -0.10654 -0.04485 -0.06386 0.06312 -0.25092 -0.01585 0.00000 0.00161 -0.01050 -0.14812 -0.22865 0.01889 -0.05774 0.09844 -0.09538 0.09915 0.10019 -0.06406 -0.04918 0.07780
-0.00747 0.06202 0.00785 -0.00085 0.01546 0.15715 0.17141 0.00284 0.00037 -0.12126 0.00358 0.04407 -0.01115 -0.06308 -0.07385 0.08936 -0.00161 0.00000 -0.00106 -0.15517 -0.03705 -0.00424 0.08064 -0.08549 -0.04796 -0.05756 -0.12522 -0.09956 0.02634 -0.04311
0.00453 0.01286 0.00280 -0.00138 0.00193 -0.00737 -0.00562 0.00276 -0.00752 0.01681 -0.01280 0.00035 -0.00918 -0.01593 0.00782 0.00463 0.01050 0.00106 0.90036 0.00291 0.01124 -0.01569 0.01710 0.00804 0.00425 -0.00345 0.01600 -0.00075 -0.29366 -0.00799
-0.05708 0.12346 -0.00465 0.12236 -0.08162 0.13492 -0.07402 -0.00955 0.00311 0.11712 0.05064 -0.17620 -0.02826 -0.15943 -0.12119 -0.03461 0.14812 0.15517 -0.00291 0.00000 0.11007 0.00872 -0.10690 -0.03224 0.24067 0.08705 0.05428 -0.04749 -0.01813 0.10716
0.16303 -0.18976 0.00457 -0.12618 -0.10095 0.05718 -0.29662 -0.00817 0.00163 -0.12335 0.01323 0.03440 -0.12742 -0.05322 0.02071 0.16420 0.22865 0.03705 -0.01124 -0.11007 0.00000 0.01072 0.08283 -0.02076 -0.03612 0.03329 0.01743 -0.15889 -0.00018 0.12219
0.01193 -0.01382 -0.00230 0.00511 0.00554 0.00770 -0.00750 -0.00042 0.00096 -0.01036 0.00669 0.00671 -0.00200 -0.00198 0.00155 -0.00031 -0.01889 0.00424 0.01569 -0.00872 -0.01072 1.00258 0.00090 -0.00433 -0.00339 0.00542 0.00132 -0.00038 -0.05863 0.01294
-0.15589 -0.06189 -0.01412 -0.24330 0.08663 -0.04982 0.09050 0.00547 -0.00594 0.03097 -0.06665 -0.15206 0.03935 0.01496 0.00788 -0.04494 0.05774 -0.08064 -0.01710 0.10690 -0.08283 -0.00090 0.00000 0.04982 0.28999 0.16835 -0.07678 -0.12957 -0.00995 -0.10481
0.03876 0.03519 -0.01234 0.13713 -0.00114 0.12747 -0.06992 -0.00467 0.00073 0.00182 0.03486 0.04581 -0.19120 0.14012 0.00027 -0.02247 -0.09844 0.08549 -0.00804 0.03224 0.02076 0.00433 -0.04982 0.00000 0.00960 0.08248 -0.04101 0.10141 -0.00527 -0.03678
0.01258 -0.00899 -0.00374 0.06391 -0.09876 -0.09540 0.01982 -0.00343 0.00116 -0.10719 -0.05697 0.05718 -0.01499 -0.04049 0.22372 -0.02667 0.09538 0.04796 -0.00425 -0.24067 0.03612 0.00339 -0.28999 -0.00960 0.00000 0.03199 -0.18091 -0.08977 -0.02091 -0.05195
0.12854 0.04240 0.01286 -0.04606 0.12973 -0.04629 -0.00741 0.00146 0.00239 0.00731 0.05209 -0.10538 -0.21764 -0.07321 -0.08635 0.07724 -0.09915 0.05756 0.00345 -0.08705 -0.03329 -0.00542 -0.16835 -0.08248 -0.03199 0.00000 -0.00924 -0.12037 0.01993 0.12263
0.15551 0.11365 0.00027 -0.18346 0.00512 0.08413 0.04087 -0.00031 0.00151 -0.01307 -0.00276 -0.06128 0.01120 -0.06892 0.03832 -0.25106 -0.10019 0.12522 -0.01600 -0.05428 -0.01743 -0.00132 0.07678 0.04101 0.18091 0.00924 0.00000 -0.05032 0.03203 0.13890
0.00662 -0.03403 0.00014 0.11046 -0.03135 -0.00042 -0.04190 0.00270 0.00002 0.15885 -0.15376 -0.10511 0.05886 -0.01214 0.02684 0.11516 0.06406 0.09956 0.00075 0.04749 0.15889 0.00038 0.12957 -0.10141 0.08977 0.12037 0.05032 0.00000 -0.00727 -0.08219
-0.06419 0.02115 0.05362 -0.03004 0.00558 -0.03423 0.03424 -0.03299 -0.00353 -0.01534 0.00371 -0.00684 0.00493 0.01551 0.01328 0.03161 0.04918 -0.02634 0.29366 0.01813 0.00018 0.05863 0.00995 0.00527 0.02091 -0.01993 -0.03203 0.00727 0.00000 -0.04502
-0.10795 -0.08018 0.01334 -0.00414 0.19372 -0.08127 -0.01562 0.00682 -0.00168 0.06002 -0.00107 0.11194 0.04351 -0.11401 -0.00574 -0.15660 -0.07780 0.04311 0.00799 -0.10716 -0.12219 -0.01294 0.10481 0.03678 0.05195 -0.12263 -0.13890 0.08219 0.04502 0.00000
