0.44506 0.00534 -0.00026 0.01437 -0.07159 -0.00400 -0.00643 0.01237 -0.00649 -0.01565 -0.07632 0.02315 -0.04524 -0.04164 0.00404 -0.01836 0.03538 -0.03142 -0.01769 0.02047 -0.03896 0.00593 -0.00227 -0.02338 0.01535 -0.03116 -0.00412 0.04716 -0.00426 -0.02261 0.03223 0.00631 0.03305 0.00136 -0.01683 0.11400 -0.00750 -0.00543 0.01866 0.01016 -0.02181 -0.03565 0.00298 -0.01303 -0.01128 0.02775 0.01296 -0.02248 0.06625 -0.06800
-0.00534 0.56023 0.00587 -0.03012 -0.02282 0.01734 0.03076 0.02853 0.00244 0.00034 -0.03542 0.04074 -0.00412 0.01233 0.03769 -0.01008 0.01337 0.01704 -0.01515 0.01945 -0.05383 0.03920 0.00100 -0.00109 0.00083 -0.06572 -0.02957 0.02220 -0.04871 -0.00367 0.00506 0.02504 0.00380 -0.00235 -0.06495 0.01607 0.00202 -0.01819 0.00302 -0.04539 -0.02797 -0.01349 -0.01483 0.01161 -0.00175 0.01933 0.04028 -0.03984 -0.08946 0.01402
0.00026 -0.00587 0.46489 -0.03957 -0.02673 -0.04122 -0.01766 -0.02429 0.02340 0.01447 -0.04311 0.01156 -0.02862 -0.03467 0.00205 -0.01936 0.04277 -0.04978 -0.00261 -0.00515 -0.03473 -0.01189 -0.00667 0.00236 0.02351 -0.04731 -0.02052 0.01766 -0.00584 -0.02904 0.04480 0.01463 0.01786 -0.00879 0.00322 0.00403 0.00485 0.01903 0.00419 -0.01258 -0.01492 -0.04214 0.03867 0.04176 -0.02256 -0.01137 -0.00715 0.01314 -0.02681 -0.04766
-0.01437 0.03012 0.03957 0.73704 0.01647 0.04290 0.07270 0.03935 -0.01304 -0.06861 -0.04809 0.01672 0.03156 -0.05811 0.03849 -0.02975 0.06257 -0.01977 0.01846 -0.00227 0.00368 -0.00667 0.02059 -0.09453 0.00307 0.00375 -0.01020 -0.03046 -0.08107 0.01347 0.08432 -0.05036 0.04707 0.00336 0.09155 0.00450 0.03648 0.05837 0.02097 -0.03155 0.08060 0.00542 -0.03572 0.01824 -0.06333 0.01205 0.06589 0.03253 -0.07912 -0.08985
0.07159 0.02282 0.02673 -0.01647 0.01064 -0.02647 0.00975 0.03322 -0.03279 -0.00055 0.00147 -0.01311 0.02758 0.02366 0.03765 0.00193 0.01010 -0.00967 0.03552 -0.03693 0.03035 0.02568 -0.01446 0.00399 -0.03697 0.02793 -0.01954 -0.02059 -0.01545 -0.00936 -0.07009 -0.00982 -0.00718 -0.02520 0.00659 -0.05461 -0.05054 -0.01158 -0.01344 -0.01447 0.00617 0.04871 0.05067 0.01531 -0.00024 -0.04218 -0.00746 0.02312 -0.06584 0.03124
0.00400 -0.01734 0.04122 -0.04290 0.02647 1.02888 -0.06138 -0.03922 0.00172 0.04038 0.05142 0.04123 -0.04873 -0.05864 -0.01732 0.08197 -0.00318 0.03779 -0.01638 0.06674 -0.03360 -0.04176 -0.04450 0.01031 0.08096 -0.04619 0.03456 0.04124 0.04381 0.09106 0.07330 0.05865 -0.03275 0.10655 -0.02289 -0.02254 0.07369 -0.06260 -0.09376 0.00102 -0.03902 -0.06797 0.04946 -0.06996 0.02814 0.01219 -0.08404 0.06111 0.00608 -0.04315
0.00643 -0.03076 0.01766 -0.07270 -0.00975 0.06138 0.46853 0.02100 -0.00984 0.03247 -0.01075 0.00144 0.02917 -0.01742 0.04869 -0.03436 -0.00080 0.00670 0.01288 -0.02103 -0.03444 -0.03162 -0.05044 0.03172 0.00538 -0.01069 -0.01523 -0.02775 -0.03533 0.03500 -0.01408 0.00223 0.03060 0.00045 0.01200 0.01556 0.01166 0.00396 -0.04016 -0.03535 0.05245 0.06518 0.02016 0.06391 0.02490 -0.02931 0.05073 -0.00325 -0.07127 0.00761
-0.01237 -0.02853 0.02429 -0.03935 -0.03322 0.03922 -0.02100 1.02778 0.04284 -0.02321 -0.02404 0.01985 -0.03903 -0.04167 0.02180 -0.00172 -0.02905 -0.02556 -0.03483 -0.02734 -0.02544 0.00607 0.02020 -0.01031 0.02754 -0.01875 0.00826 0.02801 -0.06325 0.01484 0.00634 -0.00708 -0.02249 -0.00208 -0.03895 0.02811 0.03784 0.03496 -0.01941 0.02298 -0.01571 0.01971 -0.03321 0.04406 0.00749 -0.00026 0.01562 0.02181 -0.02577 0.00317
0.00649 -0.00244 -0.02340 0.01304 0.03279 -0.00172 0.00984 -0.04284 0.95390 -0.00461 0.06967 -0.04166 -0.01029 0.01140 -0.02377 0.05809 -0.00231 0.03268 -0.01640 0.00498 -0.00370 -0.02433 -0.02491 -0.00926 0.02247 0.00282 0.01428 0.00504 0.02065 -0.00435 0.02368 -0.00107 -0.01732 -0.00120 0.01892 -0.02962 -0.00568 -0.00298 -0.05315 -0.02251 -0.00127 -0.03317 -0.05995 -0.05801 0.01255 0.00744 -0.00121 0.00234 0.01261 -0.02257
0.01565 -0.00034 -0.01447 0.06861 0.00055 -0.04038 -0.03247 0.02321 0.00461 0.75347 -0.02561 0.00843 -0.00092 0.03239 0.03638 -0.02261 0.00330 0.00700 0.03050 -0.03251 0.03877 0.04067 -0.02796 0.06010 -0.00783 0.03129 -0.01441 -0.01543 0.05466 0.00828 -0.02004 -0.02436 0.02010 0.02340 0.03137 0.03593 -0.02942 -0.01680 -0.01482 0.01063 0.02813 0.05420 0.02790 -0.01237 0.00266 -0.02354 -0.01478 -0.00153 0.00268 -0.00406
0.07632 0.03542 0.04311 0.04809 -0.00147 -0.05142 0.01075 0.02404 -0.06967 0.02561 0.15135 0.03895 0.03021 0.06853 0.01243 -0.01393 0.04689 0.00414 0.05074 -0.04258 0.02776 0.04789 0.01339 -0.02844 -0.03474 0.03533 -0.02931 -0.03615 0.00703 -0.03490 -0.04262 -0.00681 -0.00781 -0.00873 0.01322 -0.01624 -0.04617 -0.01654 -0.03114 -0.02473 0.00229 0.07474 0.04721 -0.02349 -0.02857 -0.04166 0.02779 -0.01812 -0.03292 0.03885
-0.02315 -0.04074 -0.01156 -0.01672 0.01311 -0.04123 -0.00144 -0.01985 0.04166 -0.00843 -0.03895 0.00000 0.01624 -0.04474 -0.01235 -0.04993 0.05014 -0.02423 0.01554 0.03515 -0.05154 -0.01880 0.01216 -0.02997 0.02709 -0.03116 0.02230 0.04272 0.02567 0.02315 0.05566 -0.00663 -0.02536 0.02211 0.00220 0.01227 -0.01938 0.01177 0.02153 -0.00627 -0.00369 -0.03915 -0.02798 -0.00265 -0.02525 0.03092 0.02295 0.04238 -0.00884 -0.07836
0.04524 0.00412 0.02862 -0.03156 -0.02758 0.04873 -0.02917 0.03903 0.01029 0.00092 -0.03021 -0.01624 0.39397 0.01003 0.01531 -0.02560 0.00094 -0.02737 -0.00862 -0.01292 0.00224 0.02314 -0.03792 0.03171 0.02601 0.01462 -0.02717 0.03555 -0.00530 0.03029 0.00964 0.03791 -0.02206 0.00844 -0.02427 0.03022 -0.00228 -0.00487 -0.02333 -0.03201 -0.07287 0.02678 0.02261 0.02856 0.00327 -0.03285 -0.00225 -0.02934 -0.03228 -0.00502
0.04164 -0.01233 0.03467 0.05811 -0.02366 0.05864 0.01742 0.04167 -0.01140 -0.03239 -0.06853 0.04474 -0.01003 0.66848 0.06596 0.01934 0.04413 -0.02386 0.01241 0.00859 0.01185 0.04790 0.00296 -0.00471 0.02721 0.05738 0.00352 -0.00951 -0.01997 0.00497 0.01757 -0.02357 0.04271 -0.00973 0.06501 0.04630 0.00283 -0.03386 0.00448 -0.02451 0.07010 0.03585 -0.01763 -0.01123 -0.00284 -0.02081 0.06053 -0.04942 -0.03770 -0.06411
-0.00404 -0.03769 -0.00205 -0.03849 -0.03765 0.01732 -0.04869 -0.02180 0.02377 -0.03638 -0.01243 0.01235 -0.01531 -0.06596 0.32398 -0.02311 -0.01351 -0.00798 -0.06830 0.00876 -0.04932 -0.05110 -0.00957 -0.01494 0.04016 -0.02529 -0.00498 0.01266 0.00538 -0.04243 0.06078 -0.01863 0.00307 0.01916 -0.04629 0.06106 0.02694 -0.03548 -0.00074 0.03887 -0.02467 -0.02347 -0.02606 0.00644 -0.01074 0.01873 -0.00385 0.03384 0.00047 -0.03524
0.01836 0.01008 0.01936 0.02975 -0.00193 -0.08197 0.03436 0.00172 -0.05809 0.02261 0.01393 0.04993 0.02560 -0.01934 0.02311 0.18166 0.02352 -0.01411 0.04542 -0.05520 0.00935 -0.00370 0.00047 -0.02146 -0.04205 0.01621 -0.03231 -0.03345 -0.03725 -0.04381 -0.02158 0.00018 0.06690 -0.01591 0.03437 -0.02660 0.01050 -0.00780 0.00479 -0.03254 0.03751 0.00071 0.05697 0.01890 -0.00937 -0.02048 -0.01462 -0.01669 -0.04493 -0.01913
-0.03538 -0.01337 -0.04277 -0.06257 -0.01010 0.00318 0.00080 0.02905 0.00231 -0.00330 -0.04689 -0.05014 -0.00094 -0.04413 0.01351 -0.02352 0.23223 -0.04697 -0.02478 0.01291 -0.06907 0.00304 0.01399 0.00115 0.01518 -0.05701 -0.05464 0.01108 -0.03087 0.00978 0.04168 -0.01169 0.00719 0.00606 -0.04967 -0.00692 0.00119 0.00015 0.01378 0.00975 -0.03944 -0.00132 -0.00756 0.03371 -0.01089 0.02392 -0.03564 0.01319 -0.01637 -0.01315
0.03142 -0.01704 0.04978 0.01977 0.00967 -0.03779 -0.00670 0.02556 -0.03268 -0.00700 -0.00414 0.02423 0.02737 0.02386 0.00798 0.01411 0.04697 0.27732 0.02633 -0.02717 0.07498 0.00328 -0.01874 0.00762 -0.02355 0.08586 -0.04383 -0.05260 0.00437 -0.04139 -0.04179 0.00577 0.01767 -0.02285 0.01279 0.00252 -0.03627 -0.02631 -0.02015 -0.04536 0.04459 0.03985 0.00464 -0.01538 0.00106 -0.05129 0.03977 0.02886 -0.03531 0.01718
0.01769 0.01515 0.00261 -0.01846 -0.03552 0.01638 -0.01288 0.03483 0.01640 -0.03050 -0.05074 -0.01554 0.00862 -0.01241 0.06830 -0.04542 0.02478 -0.02633 1.03326 -0.01357 -0.00483 0.01806 0.01521 -0.01291 -0.00069 0.00155 -0.03257 -0.00189 -0.01629 -0.03273 0.00008 -0.01742 0.00971 -0.01599 -0.00519 0.04756 -0.03513 -0.01373 0.01565 -0.01547 -0.01525 0.05653 -0.00705 0.03763 -0.02743 0.00353 0.02755 -0.00263 -0.01226 -0.01265
-0.02047 -0.01945 0.00515 0.00227 0.03693 -0.06674 0.02103 0.02734 -0.00498 0.03251 0.04258 -0.03515 0.01292 -0.00859 -0.00876 0.05520 -0.01291 0.02717 0.01357 0.34323 0.00268 -0.01024 -0.00316 0.02492 -0.04408 -0.02706 -0.04573 -0.02938 -0.02323 -0.00024 -0.01781 0.01083 0.07788 -0.00044 0.03247 -0.02139 0.02117 -0.05190 0.00717 -0.06340 0.02404 -0.02250 0.02999 0.02198 -0.01123 0.01653 0.01250 -0.02166 -0.03307 0.07017
0.03896 0.05383 0.03473 -0.00368 -0.03035 0.03360 0.03444 0.02544 0.00370 -0.03877 -0.02776 0.05154 -0.00224 -0.01185 0.04932 -0.00935 0.06907 -0.07498 0.00483 -0.00268 0.88628 0.00987 0.02403 -0.05879 -0.00294 0.00506 -0.02427 0.00720 -0.02911 -0.01456 0.00867 0.00466 -0.01394 -0.02788 0.04249 0.04748 0.02243 0.00959 0.02479 -0.02469 -0.00486 -0.02817 0.03544 0.00680 -0.03597 -0.03526 0.01404 -0.02958 -0.01512 -0.07764
-0.00593 -0.03920 0.01189 0.00667 -0.02568 0.04176 0.03162 -0.00607 0.02433 -0.04067 -0.04789 0.01880 -0.02314 -0.04790 0.05110 0.00370 -0.00304 -0.00328 -0.01806 0.01024 -0.00987 0.59903 -0.04834 -0.01940 0.01235 -0.00474 0.02733 0.04357 -0.04234 -0.00306 0.04629 -0.00428 -0.01541 0.02142 -0.00948 0.06321 0.01766 0.03097 0.00247 0.00603 0.00881 -0.05854 -0.04412 0.02196 -0.01901 -0.02007 0.03538 0.00254 -0.05811 -0.08504
0.00227 -0.00100 0.00667 -0.02059 0.01446 0.04450 0.05044 -0.02020 0.02491 0.02796 -0.01339 -0.01216 0.03792 -0.00296 0.00957 -0.00047 -0.01399 0.01874 -0.01521 0.00316 -0.02403 0.04834 0.56241 0.01162 0.02138 -0.00246 -0.00184 0.03717 0.00718 0.01587 0.02469 0.00766 -0.00490 0.01173 -0.05473 -0.02512 0.03041 -0.00261 -0.02920 -0.00210 -0.04164 0.02041 -0.01728 0.02078 0.01976 0.02421 -0.02533 -0.03482 0.01029 0.03769
0.02338 0.00109 -0.00236 0.09453 -0.00399 -0.01031 -0.03172 0.01031 0.00926 -0.06010 0.02844 0.02997 -0.03171 0.00471 0.01494 0.02146 -0.00115 -0.00762 0.01291 -0.02492 0.05879 0.01940 -0.01162 0.35091 0.00564 0.03736 0.04592 0.00642 0.03514 0.01217 0.00637 -0.04629 -0.03713 -0.00303 0.07193 0.03066 -0.00927 0.00304 0.00717 0.03211 -0.00493 0.01136 -0.00503 -0.04584 -0.05202 -0.03970 -0.03115 0.02692 0.05532 -0.03016
-0.01535 -0.00083 -0.02351 -0.00307 0.03697 -0.08096 -0.00538 -0.02754 -0.02247 0.00783 0.03474 -0.02709 -0.02601 -0.02721 -0.04016 0.04205 -0.01518 0.02355 0.00069 0.04408 0.00294 -0.01235 -0.02138 -0.00564 0.85906 -0.00612 0.03571 0.04168 0.02016 -0.01017 0.04437 0.03267 -0.04212 0.01713 -0.01092 -0.02848 -0.04051 -0.03406 0.00520 0.00505 -0.05622 -0.05897 0.01826 -0.04459 -0.01521 0.02685 -0.03540 -0.00199 0.02248 0.01233
0.03116 0.06572 0.04731 -0.00375 -0.02793 0.04619 0.01069 0.01875 -0.00282 -0.03129 -0.03533 0.03116 -0.01462 -0.05738 0.02529 -0.01621 0.05701 -0.08586 -0.00155 0.02706 -0.00506 0.00474 0.00246 -0.03736 0.00612 0.79287 -0.02265 0.00054 -0.02688 -0.00513 0.05344 0.00880 -0.02710 -0.02680 0.04422 0.04070 0.00527 0.04802 0.05242 -0.02205 -0.03187 -0.02308 0.03618 0.00781 -0.04065 -0.02179 0.02324 -0.03065 -0.00105 -0.07122
0.00412 0.02957 0.02052 0.01020 0.01954 -0.03456 0.01523 -0.00826 -0.01428 0.01441 0.02931 -0.02230 0.02717 -0.00352 0.00498 0.03231 0.05464 0.04383 0.03257 0.04573 0.02427 -0.02733 0.00184 -0.04592 -0.03571 0.02265 0.47947 -0.08544 -0.02476 -0.01432 0.00735 0.01662 0.00128 0.01772 0.03797 -0.03317 -0.02576 -0.00553 -0.01412 -0.08017 0.05409 -0.00528 -0.00202 -0.05339 -0.03281 -0.00199 0.08310 0.02433 -0.07372 0.01329
-0.04716 -0.02220 -0.01766 0.03046 0.02059 -0.04124 0.02775 -0.02801 -0.00504 0.01543 0.03615 -0.04272 -0.03555 0.00951 -0.01266 0.03345 -0.01108 0.05260 0.00189 0.02938 -0.00720 -0.04357 -0.03717 -0.00642 -0.04168 -0.00054 0.08544 0.67514 0.02051 -0.00776 -0.01561 0.00660 -0.00597 0.02403 0.04737 -0.01921 -0.02294 0.01375 -0.01302 0.02619 0.07513 -0.06503 -0.03845 -0.05505 0.03022 0.03500 0.05695 0.02928 -0.02552 0.00109
0.00426 0.04871 0.00584 0.08107 0.01545 -0.04381 0.03533 0.06325 -0.02065 -0.05466 -0.00703 -0.02567 0.00530 0.01997 -0.00538 0.03725 0.03087 -0.00437 0.01629 0.02323 0.02911 0.04234 -0.00718 -0.03514 -0.02016 0.02688 0.02476 -0.02051 0.49997 -0.00175 -0.00138 -0.02592 -0.03631 -0.00181 0.02723 -0.00457 -0.03518 -0.03175 0.00763 -0.01096 0.00411 0.01858 0.00107 -0.02637 -0.04815 0.02732 0.02767 0.01518 -0.04416 -0.06047
0.02261 0.00367 0.02904 -0.01347 0.00936 -0.09106 -0.03500 -0.01484 0.00435 -0.00828 0.03490 -0.02315 -0.03029 -0.00497 0.04243 0.04381 -0.00978 0.04139 0.03273 0.00024 0.01456 0.00306 -0.01587 -0.01217 0.01017 0.00513 0.01432 0.00776 0.00175 1.02413 -0.00495 -0.00710 -0.02623 0.03128 0.00849 -0.00977 -0.02059 -0.04444 -0.07613 -0.01431 -0.01228 0.04031 -0.00734 -0.03012 0.01208 0.02184 0.00333 0.04778 -0.03303 0.00915
-0.03223 -0.00506 -0.04480 -0.08432 0.07009 -0.07330 0.01408 -0.00634 -0.02368 0.02004 0.04262 -0.05566 -0.00964 -0.01757 -0.06078 0.02158 -0.04168 0.04179 -0.00008 0.01781 -0.00867 -0.04629 -0.02469 -0.00637 -0.04437 -0.05344 -0.00735 0.01561 0.00138 0.00495 0.83539 -0.00857 -0.04046 -0.01962 0.00907 -0.03050 -0.04212 0.02214 0.00136 0.02166 -0.02051 -0.05421 -0.06136 -0.00956 0.03179 0.03877 -0.01651 0.05336 -0.01094 0.04169
-0.00631 -0.02504 -0.01463 0.05036 0.00982 -0.05865 -0.00223 0.00708 0.00107 0.02436 0.00681 0.00663 -0.03791 0.02357 0.01863 -0.00018 0.01169 -0.00577 0.01742 -0.01083 -0.00466 0.00428 -0.00766 0.04629 -0.03267 -0.00880 -0.01662 -0.00660 0.02592 0.00710 0.00857 0.50775 0.06094 -0.01125 0.07856 -0.00168 0.03842 -0.02431 0.01967 0.00040 0.00959 -0.02201 0.02678 0.00127 0.02145 0.02457 -0.04170 -0.02658 0.02801 -0.02419
-0.03305 -0.00380 -0.01786 -0.04707 0.00718 0.03275 -0.03060 0.02249 0.01732 -0.02010 0.00781 0.02536 0.02206 -0.04271 -0.00307 -0.06690 -0.00719 -0.01767 -0.00971 -0.07788 0.01394 0.01541 0.00490 0.03713 0.04212 0.02710 -0.00128 0.00597 0.03631 0.02623 0.04046 -0.06094 0.66988 0.02535 -0.07418 -0.01151 -0.04167 -0.02141 -0.03519 0.01271 -0.05558 0.07252 -0.01993 0.00415 -0.00642 -0.00520 -0.00262 0.01110 0.01216 0.02335
-0.00136 0.00235 0.00879 -0.00336 0.02520 -0.10655 -0.00045 0.00208 0.00120 -0.02340 0.00873 -0.02211 -0.00844 0.00973 -0.01916 0.01591 -0.00606 0.02285 0.01599 0.00044 0.02788 -0.02142 -0.01173 0.00303 -0.01713 0.02680 -0.01772 -0.02403 0.00181 -0.03128 0.01962 0.01125 -0.02535 0.47081 -0.01881 -0.02593 -0.02834 -0.01181 0.00487 -0.01334 0.00985 -0.00729 0.00537 -0.01223 -0.00073 0.00903 0.00424 0.03939 -0.02023 0.01613
0.01683 0.06495 -0.00322 -0.09155 -0.00659 0.02289 -0.01200 0.03895 -0.01892 -0.03137 -0.01322 -0.00220 0.02427 -0.06501 0.04629 -0.03437 0.04967 -0.01279 0.00519 -0.03247 -0.04249 0.00948 0.05473 -0.07193 0.01092 -0.04422 -0.03797 -0.04737 -0.02723 -0.00849 -0.00907 -0.07856 0.07418 0.01881 0.56179 0.04360 -0.00190 0.01497 0.03233 -0.02772 -0.01076 0.02965 0.03070 0.00558 -0.05480 0.01764 0.05250 0.02894 -0.03927 -0.00537
-0.11400 -0.01607 -0.00403 -0.00450 0.05461 0.02254 -0.01556 -0.02811 0.02962 -0.03593 0.01624 -0.01227 -0.03022 -0.04630 -0.06106 0.02660 0.00692 -0.00252 -0.04756 0.02139 -0.04748 -0.06321 0.02512 -0.03066 0.02848 -0.04070 0.03317 0.01921 0.00457 0.00977 0.03050 0.00168 0.01151 0.02593 -0.04360 0.16504 0.03744 -0.03335 -0.01949 0.01509 -0.01503 -0.04818 -0.03649 -0.01591 -0.01119 0.08978 -0.00876 0.00831 0.07052 -0.00131
0.00750 -0.00202 -0.00485 -0.03648 0.05054 -0.07369 -0.01166 -0.03784 0.00568 0.02942 0.04617 0.01938 0.00228 -0.00283 -0.02694 -0.01050 -0.00119 0.03627 0.03513 -0.02117 -0.02243 -0.01766 -0.03041 0.00927 0.04051 -0.00527 0.02576 0.02294 0.03518 0.02059 0.04212 -0.03842 0.04167 0.02834 0.00190 -0.03744 0.89137 -0.00474 -0.03990 0.01257 0.01460 0.00461 -0.02310 -0.01845 0.04094 0.00171 0.00991 0.00175 0.00192 -0.01038
0.00543 0.01819 -0.01903 -0.05837 0.01158 0.06260 -0.00396 -0.03496 0.00298 0.01680 0.01654 -0.01177 0.00487 0.03386 0.03548 0.00780 -0.00015 0.02631 0.01373 0.05190 -0.00959 -0.03097 0.00261 -0.00304 0.03406 -0.04802 0.00553 -0.01375 0.03175 0.04444 -0.02214 0.02431 0.02141 0.01181 -0.01497 0.03335 0.00474 0.02320 -0.00068 -0.01092 0.02732 0.01885 -0.01381 -0.01144 0.00757 0.01680 0.01636 -0.00449 0.00995 0.05032
-0.01866 -0.00302 -0.00419 -0.02097 0.01344 0.09376 0.04016 0.01941 0.05315 0.01482 0.03114 -0.02153 0.02333 -0.00448 0.00074 -0.00479 -0.01378 0.02015 -0.01565 -0.00717 -0.02479 -0.00247 0.02920 -0.00717 -0.00520 -0.05242 0.01412 0.01302 -0.00763 0.07613 -0.00136 -0.01967 0.03519 -0.00487 -0.03233 0.01949 0.03990 0.00068 0.29964 0.02481 -0.01470 0.00068 -0.01244 0.01010 0.01393 0.03570 -0.02265 -0.05003 0.03593 0.02542
-0.01016 0.04539 0.01258 0.03155 0.01447 -0.00102 0.03535 -0.02298 0.02251 -0.01063 0.02473 0.00627 0.03201 0.02451 -0.03887 0.03254 -0.00975 0.04536 0.01547 0.06340 0.02469 -0.00603 0.00210 -0.03211 -0.00505 0.02205 0.08017 -0.02619 0.01096 0.01431 -0.02166 -0.00040 -0.01271 0.01334 0.02772 -0.01509 -0.01257 0.01092 -0.02481 0.45365 0.05621 -0.01893 -0.02634 -0.06219 -0.00169 0.02223 0.04105 -0.00350 -0.00545 -0.00170
0.02181 0.02797 0.01492 -0.08060 -0.00617 0.03902 -0.05245 0.01571 0.00127 -0.02813 -0.00229 0.00369 0.07287 -0.07010 0.02467 -0.03751 0.03944 -0.04459 0.01525 -0.02404 0.00486 -0.00881 0.04164 0.00493 0.05622 0.03187 -0.05409 -0.07513 -0.00411 0.01228 0.02051 -0.00959 0.05558 -0.00985 0.01076 0.01503 -0.01460 -0.02732 0.01470 -0.05621 0.64643 0.04437 0.04068 0.01043 -0.03479 -0.03478 0.00492 0.01824 -0.00968 0.01988
0.03565 0.01349 0.04214 -0.00542 -0.04871 0.06797 -0.06518 -0.01971 0.03317 -0.05420 -0.07474 0.03915 -0.02678 -0.03585 0.02347 -0.00071 0.00132 -0.03985 -0.05653 0.02250 0.02817 0.05854 -0.02041 -0.01136 0.05897 0.02308 0.00528 0.06503 -0.01858 -0.04031 0.05421 0.02201 -0.07252 0.00729 -0.02965 0.04818 -0.00461 -0.01885 -0.00068 0.01893 -0.04437 0.50386 -0.02160 -0.01374 -0.06347 -0.00408 -0.02513 0.03125 -0.00690 -0.07406
-0.00298 0.01483 -0.03867 0.03572 -0.05067 -0.04946 -0.02016 0.03321 0.05995 -0.02790 -0.04721 0.02798 -0.02261 0.01763 0.02606 -0.05697 0.00756 -0.00464 0.00705 -0.02999 -0.03544 0.04412 0.01728 0.00503 -0.01826 -0.03618 0.00202 0.03845 -0.00107 0.00734 0.06136 -0.02678 0.01993 -0.00537 -0.03070 0.03649 0.02310 0.01381 0.01244 0.02634 -0.04068 0.02160 0.48950 0.03798 -0.04279 -0.01378 -0.03180 -0.02021 0.01613 -0.02999
0.01303 -0.01161 -0.04176 -0.01824 -0.01531 0.06996 -0.06391 -0.04406 0.05801 0.01237 0.02349 0.00265 -0.02856 0.01123 -0.00644 -0.01890 -0.03371 0.01538 -0.03763 -0.02198 -0.00680 -0.02196 -0.02078 0.04584 0.04459 -0.00781 0.05339 0.05505 0.02637 0.03012 0.00956 -0.00127 -0.00415 0.01223 -0.00558 0.01591 0.01845 0.01144 -0.01010 0.06219 -0.01043 0.01374 -0.03798 0.15939 0.05941 -0.01427 -0.04877 0.02739 0.03440 0.01363
0.01128 0.00175 0.02256 0.06333 0.00024 -0.02814 -0.02490 -0.00749 -0.01255 -0.00266 0.02857 0.02525 -0.00327 0.00284 0.01074 0.00937 0.01089 -0.00106 0.02743 0.01123 0.03597 0.01901 -0.01976 0.05202 0.01521 0.04065 0.03281 -0.03022 0.04815 -0.01208 -0.03179 -0.02145 0.00642 0.00073 0.05480 0.01119 -0.04094 -0.00757 -0.01393 0.00169 0.03479 0.06347 0.04279 -0.05941 0.52743 -0.01264 0.01746 -0.00885 0.00426 -0.00747
-0.02775 -0.01933 0.01137 -0.01205 0.04218 -0.01219 0.02931 0.00026 -0.00744 0.02354 0.04166 -0.03092 0.03285 0.02081 -0.01873 0.02048 -0.02392 0.05129 -0.00353 -0.01653 0.03526 0.02007 -0.02421 0.03970 -0.02685 0.02179 0.00199 -0.03500 -0.02732 -0.02184 -0.03877 -0.02457 0.00520 -0.00903 -0.01764 -0.08978 -0.00171 -0.01680 -0.03570 -0.02223 0.03478 0.00408 0.01378 0.01427 0.01264 0.46245 0.03156 0.02434 -0.09068 0.05572
-0.01296 -0.04028 0.00715 -0.06589 0.00746 0.08404 -0.05073 -0.01562 0.00121 0.01478 -0.02779 -0.02295 0.00225 -0.06053 0.00385 0.01462 0.03564 -0.03977 -0.02755 -0.01250 -0.01404 -0.03538 0.02533 0.03115 0.03540 -0.02324 -0.08310 -0.05695 -0.02767 -0.00333 0.01651 0.04170 0.00262 -0.00424 -0.05250 0.00876 -0.00991 -0.01636 0.02265 -0.04105 -0.00492 0.02513 0.03180 0.04877 -0.01746 -0.03156 0.69867 0.05981 -0.02876 0.00657
0.02248 0.03984 -0.01314 -0.03253 -0.02312 -0.06111 0.00325 -0.02181 -0.00234 0.00153 0.01812 -0.04238 0.02934 0.04942 -0.03384 0.01669 -0.01319 -0.02886 0.00263 0.02166 0.02958 -0.00254 0.03482 -0.02692 0.00199 0.03065 -0.02433 -0.02928 -0.01518 -0.04778 -0.05336 0.02658 -0.01110 -0.03939 -0.02894 -0.00831 -0.00175 0.00449 0.05003 0.00350 -0.01824 -0.03125 0.02021 -0.02739 0.00885 -0.02434 -0.05981 0.72599 0.03250 0.04708
-0.06625 0.08946 0.02681 0.07912 0.06584 -0.00608 0.07127 0.02577 -0.01261 -0.00268 0.03292 0.00884 0.03228 0.03770 -0.00047 0.04493 0.01637 0.03531 0.01226 0.03307 0.01512 0.05811 -0.01029 -0.05532 -0.02248 0.00105 0.07372 0.02552 0.04416 0.03303 0.01094 -0.02801 -0.01216 0.02023 0.03927 -0.07052 -0.00192 -0.00995 -0.03593 0.00545 0.00968 0.00690 -0.01613 -0.03440 -0.00426 0.09068 0.02876 -0.03250 0.56520 -0.02768
0.06800 -0.01402 0.04766 0.08985 -0.03124 0.04315 -0.00761 -0.00317 0.02257 0.00406 -0.03885 0.07836 0.00502 0.06411 0.03524 0.01913 0.01315 -0.01718 0.01265 -0.07017 0.07764 0.08504 -0.03769 0.03016 -0.01233 0.07122 -0.01329 -0.00109 0.06047 -0.00915 -0.04169 0.02419 -0.02335 -0.01613 0.00537 0.00131 0.01038 -0.05032 -0.02542 0.00170 -0.01988 0.07406 0.02999 -0.01363 0.00747 -0.05572 -0.00657 -0.04708 0.02768 0.00000
