0.44540 0.00543 -0.00110 0.01461 -0.07199 -0.00397 -0.00602 0.01206 -0.00671 -0.01585 -0.07689 0.02353 -0.04493 -0.04134 0.00358 -0.01897 0.03564 -0.03226 -0.01791 0.02010 -0.03907 0.00608 -0.00196 -0.02350 0.01488 -0.03080 -0.00454 0.04705 -0.00451 -0.02191 0.03217 0.00615 0.03369 0.00054 -0.01710 0.11419 -0.00835 -0.00456 0.01984 0.01028 -0.02158 -0.03614 0.00312 -0.01262 -0.01184 0.02677 0.01314 -0.02334 0.06642 -0.06823
-0.00543 0.56046 0.00443 -0.02975 -0.02312 0.01744 0.03168 0.02818 0.00201 0.00018 -0.03620 0.04155 -0.00330 0.01285 0.03667 -0.01118 0.01390 0.01615 -0.01537 0.01888 -0.05398 0.03928 0.00144 -0.00123 -0.00006 -0.06512 -0.03034 0.02199 -0.04910 -0.00237 0.00495 0.02486 0.00500 -0.00366 -0.06548 0.01617 0.00027 -0.01687 0.00497 -0.04509 -0.02752 -0.01453 -0.01465 0.01224 -0.00271 0.01808 0.04054 -0.04099 -0.08904 0.01355
0.00110 -0.00443 0.46403 -0.03856 -0.02726 -0.04289 -0.01591 -0.02603 0.02242 0.01331 -0.04454 0.01217 -0.02664 -0.03361 0.00182 -0.02118 0.04449 -0.05120 -0.00408 -0.00671 -0.03373 -0.01029 -0.00546 0.00210 0.02205 -0.04631 -0.02185 0.01639 -0.00649 -0.02741 0.04370 0.01291 0.01922 -0.01025 0.00478 0.00472 0.00387 0.02029 0.00626 -0.01371 -0.01381 -0.04128 0.03981 0.04337 -0.02394 -0.01296 -0.00525 0.01121 -0.02761 -0.04818
-0.01461 0.02975 0.03856 0.73747 0.01655 0.04395 0.07259 0.04006 -0.01287 -0.06825 -0.04800 0.01703 0.03118 -0.05818 0.03794 -0.02965 0.06234 -0.01990 0.01878 -0.00200 0.00257 -0.00746 0.02031 -0.09457 0.00311 0.00399 -0.01018 -0.02997 -0.08109 0.01359 0.08499 -0.04952 0.04744 0.00287 0.09067 0.00429 0.03530 0.05900 0.02147 -0.03107 0.08053 0.00427 -0.03602 0.01808 -0.06338 0.01172 0.06547 0.03266 -0.07866 -0.08991
0.07199 0.02312 0.02726 -0.01655 0.01069 -0.02652 0.00975 0.03343 -0.03285 -0.00069 0.00131 -0.01296 0.02772 0.02356 0.03840 0.00188 0.01046 -0.00956 0.03549 -0.03685 0.03060 0.02591 -0.01448 0.00393 -0.03684 0.02798 -0.01958 -0.02076 -0.01534 -0.00960 -0.07023 -0.00987 -0.00732 -0.02497 0.00709 -0.05418 -0.05020 -0.01203 -0.01374 -0.01482 0.00623 0.04934 0.05098 0.01533 -0.00021 -0.04210 -0.00721 0.02321 -0.06614 0.03131
0.00397 -0.01744 0.04289 -0.04395 0.02652 1.02827 -0.06277 -0.03884 0.00271 0.04053 0.05195 0.04070 -0.05002 -0.05950 -0.01598 0.08290 -0.00398 0.03880 -0.01647 0.06759 -0.03379 -0.04186 -0.04500 0.01055 0.08254 -0.04779 0.03560 0.04205 0.04422 0.08953 0.07372 0.05894 -0.03440 0.10864 -0.02240 -0.02232 0.07611 -0.06426 -0.09609 0.00080 -0.03999 -0.06660 0.04942 -0.07043 0.02922 0.01383 -0.08453 0.06233 0.00560 -0.04285
0.00602 -0.03168 0.01591 -0.07259 -0.00975 0.06277 0.46964 0.02192 -0.00953 0.03311 -0.01077 0.00207 0.02872 -0.01742 0.04759 -0.03443 -0.00121 0.00638 0.01330 -0.02080 -0.03562 -0.03242 -0.05078 0.03168 0.00532 -0.01040 -0.01531 -0.02706 -0.03545 0.03555 -0.01330 0.00334 0.03137 -0.00048 0.01039 0.01528 0.01009 0.00528 -0.03884 -0.03437 0.05248 0.06382 0.01975 0.06385 0.02463 -0.02986 0.04979 -0.00317 -0.07029 0.00733
-0.01206 -0.02818 0.02603 -0.04006 -0.03343 0.03884 -0.02192 1.02761 0.04322 -0.02355 -0.02391 0.01924 -0.03959 -0.04236 0.02350 -0.00112 -0.02907 -0.02477 -0.03505 -0.02677 -0.02509 0.00646 0.02007 -0.01033 0.02858 -0.01963 0.00882 0.02818 -0.06298 0.01328 0.00632 -0.00722 -0.02371 0.00006 -0.03822 0.02861 0.03971 0.03290 -0.02177 0.02241 -0.01633 0.02163 -0.03296 0.04387 0.00814 0.00101 0.01577 0.02286 -0.02661 0.00334
0.00671 -0.00201 -0.02242 0.01287 0.03285 -0.00271 0.00953 -0.04322 0.95532 -0.00484 0.06986 -0.04253 -0.01030 0.01138 -0.02279 0.05838 -0.00218 0.03329 -0.01656 0.00517 -0.00302 -0.02397 -0.02497 -0.00918 0.02268 0.00244 0.01457 0.00477 0.02098 -0.00508 0.02323 -0.00149 -0.01807 -0.00026 0.01996 -0.02952 -0.00452 -0.00425 -0.05438 -0.02321 -0.00148 -0.03195 -0.05994 -0.05820 0.01290 0.00825 -0.00078 0.00270 0.01211 -0.02217
0.01585 -0.00018 -0.01331 0.06825 0.00069 -0.04053 -0.03311 0.02355 0.00484 0.75393 -0.02517 0.00795 -0.00136 0.03204 0.03776 -0.02179 0.00321 0.00783 0.03072 -0.03187 0.03904 0.04075 -0.02829 0.06012 -0.00722 0.03084 -0.01382 -0.01536 0.05503 0.00714 -0.02006 -0.02423 0.01915 0.02478 0.03192 0.03606 -0.02812 -0.01830 -0.01656 0.01023 0.02777 0.05561 0.02802 -0.01294 0.00345 -0.02257 -0.01485 -0.00089 0.00217 -0.00382
0.07689 0.03620 0.04454 0.04800 -0.00131 -0.05195 0.01077 0.02391 -0.06986 0.02517 0.15208 0.03864 0.03050 0.06850 0.01426 -0.01377 0.04757 0.00496 0.05049 -0.04258 0.02853 0.04859 0.01343 -0.02850 -0.03454 0.03525 -0.02924 -0.03665 0.00730 -0.03595 -0.04309 -0.00731 -0.00845 -0.00792 0.01454 -0.01584 -0.04468 -0.01765 -0.03261 -0.02566 0.00236 0.07687 0.04772 -0.02356 -0.02821 -0.04109 0.02857 -0.01804 -0.03375 0.03919
-0.02353 -0.04155 -0.01217 -0.01703 0.01296 -0.04070 -0.00207 -0.01924 0.04253 -0.00795 -0.03864 0.00000 0.01551 -0.04529 -0.01270 -0.04941 0.04958 -0.02405 0.01579 0.03562 -0.05246 -0.01951 0.01182 -0.02999 0.02757 -0.03151 0.02258 0.04332 0.02564 0.02319 0.05624 -0.00573 -0.02564 0.02227 0.00119 0.01211 -0.01995 0.01199 0.02131 -0.00571 -0.00411 -0.03989 -0.02858 -0.00295 -0.02505 0.03113 0.02211 0.04329 -0.00827 -0.07851
0.04493 0.00330 0.02664 -0.03118 -0.02772 0.05002 -0.02872 0.03959 0.01030 0.00136 -0.03050 -0.01551 0.39510 0.01027 0.01398 -0.02610 0.00071 -0.02803 -0.00829 -0.01296 0.00111 0.02253 -0.03802 0.03162 0.02538 0.01528 -0.02769 0.03633 -0.00560 0.03148 0.01022 0.03885 -0.02062 0.00682 -0.02601 0.03007 -0.00465 -0.00341 -0.02102 -0.03064 -0.07265 0.02528 0.02228 0.02882 0.00255 -0.03367 -0.00304 -0.02967 -0.03120 -0.00558
0.04134 -0.01285 0.03361 0.05818 -0.02356 0.05950 0.01742 0.04236 -0.01138 -0.03204 -0.06850 0.04529 -0.01027 0.66895 0.06533 0.01936 0.04396 -0.02407 0.01279 0.00878 0.01105 0.04736 0.00272 -0.00478 0.02719 0.05766 0.00348 -0.00917 -0.02002 0.00513 0.01828 -0.02289 0.04314 -0.01033 0.06413 0.04607 0.00182 -0.03300 0.00527 -0.02395 0.07011 0.03479 -0.01783 -0.01135 -0.00295 -0.02128 0.06008 -0.04939 -0.03715 -0.06426
-0.00358 -0.03667 -0.00182 -0.03794 -0.03840 0.01598 -0.04759 -0.02350 0.02279 -0.03776 -0.01426 0.01270 -0.01398 -0.06533 0.32318 -0.02578 -0.01215 -0.00934 -0.07039 0.00743 -0.04844 -0.04978 -0.00846 -0.01506 0.03901 -0.02463 -0.00619 0.01182 0.00487 -0.04098 0.05989 -0.02075 0.00465 0.01800 -0.04516 0.06192 0.02641 -0.03456 0.00105 0.03816 -0.02395 -0.02183 -0.02534 0.00825 -0.01193 0.01771 -0.00207 0.03250 -0.00013 -0.03583
0.01897 0.01118 0.02118 0.02965 -0.00188 -0.08290 0.03443 0.00112 -0.05838 0.02179 0.01377 0.04941 0.02610 -0.01936 0.02578 0.18240 0.02420 -0.01369 0.04421 -0.05550 0.01046 -0.00265 0.00075 -0.02154 -0.04197 0.01609 -0.03236 -0.03416 -0.03713 -0.04485 -0.02239 -0.00126 0.06583 -0.01496 0.03627 -0.02616 0.01280 -0.00933 0.00310 -0.03364 0.03763 0.00408 0.05755 0.01902 -0.00914 -0.01990 -0.01328 -0.01680 -0.04601 -0.01857
-0.03564 -0.01390 -0.04449 -0.06234 -0.01046 0.00398 0.00121 0.02907 0.00218 -0.00321 -0.04757 -0.04958 -0.00071 -0.04396 0.01215 -0.02420 0.23306 -0.04795 -0.02478 0.01264 -0.06972 0.00272 0.01423 0.00102 0.01456 -0.05652 -0.05548 0.01136 -0.03135 0.01128 0.04194 -0.01138 0.00829 0.00480 -0.05103 -0.00686 -0.00104 0.00130 0.01556 0.01104 -0.03922 -0.00312 -0.00774 0.03417 -0.01189 0.02285 -0.03603 0.01277 -0.01551 -0.01375
0.03226 -0.01615 0.05120 0.01990 0.00956 -0.03880 -0.00638 0.02477 -0.03329 -0.00783 -0.00496 0.02405 0.02803 0.02407 0.00934 0.01369 0.04795 0.27828 0.02581 -0.02758 0.07617 0.00447 -0.01839 0.00753 -0.02379 0.08608 -0.04421 -0.05339 0.00441 -0.04184 -0.04264 0.00482 0.01747 -0.02244 0.01424 0.00304 -0.03502 -0.02715 -0.02086 -0.04639 0.04486 0.04193 0.00544 -0.01511 0.00096 -0.05106 0.04094 0.02839 -0.03617 0.01734
0.01791 0.01537 0.00408 -0.01878 -0.03549 0.01647 -0.01330 0.03505 0.01656 -0.03072 -0.05049 -0.01579 0.00829 -0.01279 0.07039 -0.04421 0.02478 -0.02581 1.03263 -0.01330 -0.00458 0.01828 0.01508 -0.01295 -0.00010 0.00114 -0.03216 -0.00190 -0.01625 -0.03404 0.00006 -0.01746 0.00860 -0.01491 -0.00456 0.04779 -0.03332 -0.01474 0.01388 -0.01590 -0.01553 0.05861 -0.00689 0.03717 -0.02676 0.00417 0.02767 -0.00218 -0.01282 -0.01240
-0.02010 -0.01888 0.00671 0.00200 0.03685 -0.06759 0.02080 0.02677 -0.00517 0.03187 0.04258 -0.03562 0.01296 -0.00878 -0.00743 0.05550 -0.01264 0.02758 0.01330 0.34399 0.00367 -0.00957 -0.00296 0.02488 -0.04387 -0.02742 -0.04560 -0.02972 -0.02318 -0.00080 -0.01830 0.00951 0.07712 0.00087 0.03374 -0.02108 0.02303 -0.05329 0.00571 -0.06408 0.02386 -0.02086 0.03027 0.02197 -0.01094 0.01728 0.01309 -0.02149 -0.03389 0.07041
0.03907 0.05398 0.03373 -0.00257 -0.03060 0.03379 0.03562 0.02509 0.00302 -0.03904 -0.02853 0.05246 -0.00111 -0.01105 0.04844 -0.01046 0.06972 -0.07617 0.00458 -0.00367 0.88678 0.01010 0.02457 -0.05897 -0.00426 0.00742 -0.02526 0.00655 -0.02957 -0.01326 0.00837 0.00434 -0.01253 -0.02991 0.04214 0.04756 0.02050 0.01114 0.02713 -0.02457 -0.00401 -0.02915 0.03578 0.00753 -0.03688 -0.03666 0.01445 -0.03094 -0.01492 -0.07806
-0.00608 -0.03928 0.01029 0.00746 -0.02591 0.04186 0.03242 -0.00646 0.02397 -0.04075 -0.04859 0.01951 -0.02253 -0.04736 0.04978 0.00265 -0.00272 -0.00447 -0.01828 0.00957 -0.01010 0.59927 -0.04793 -0.01947 0.01146 -0.00389 0.02666 0.04337 -0.04267 -0.00178 0.04620 -0.00445 -0.01412 0.01981 -0.01007 0.06314 0.01577 0.03256 0.00447 0.00637 0.00931 -0.06033 -0.04409 0.02250 -0.01997 -0.02135 0.03555 0.00148 -0.05766 -0.08538
0.00196 -0.00144 0.00546 -0.02031 0.01448 0.04500 0.05078 -0.02007 0.02497 0.02829 -0.01343 -0.01182 0.03802 -0.00272 0.00846 -0.00075 -0.01423 0.01839 -0.01508 0.00296 -0.02457 0.04793 0.56289 0.01165 0.02099 -0.00221 -0.00207 0.03740 0.00700 0.01667 0.02500 0.00795 -0.00417 0.01083 -0.05545 -0.02536 0.02924 -0.00162 -0.02796 -0.00144 -0.04149 0.01910 -0.01756 0.02090 0.01928 0.02371 -0.02574 -0.03512 0.01092 0.03757
0.02350 0.00123 -0.00210 0.09457 -0.00393 -0.01055 -0.03168 0.01033 0.00918 -0.06012 0.02850 0.02999 -0.03162 0.00478 0.01506 0.02154 -0.00102 -0.00753 0.01295 -0.02488 0.05897 0.01947 -0.01165 0.35118 0.00564 0.03744 0.04595 0.00628 0.03518 0.01214 0.00622 -0.04630 -0.03720 -0.00296 0.07215 0.03060 -0.00919 0.00290 0.00700 0.03197 -0.00483 0.01158 -0.00490 -0.04592 -0.05197 -0.03969 -0.03106 0.02697 0.05521 -0.03013
-0.01488 0.00006 -0.02205 -0.00311 0.03684 -0.08254 -0.00532 -0.02858 -0.02268 0.00722 0.03454 -0.02757 -0.02538 -0.02719 -0.03901 0.04197 -0.01456 0.02379 0.00010 0.04387 0.00426 -0.01146 -0.02099 -0.00564 0.86022 -0.00631 0.03564 0.04066 0.02026 -0.01060 0.04273 0.03165 -0.04280 0.01835 -0.00931 -0.02813 -0.03873 -0.03528 0.00369 0.00397 -0.05611 -0.05725 0.01876 -0.04445 -0.01509 0.02734 -0.03410 -0.00205 0.02149 0.01247
0.03080 0.06512 0.04631 -0.00399 -0.02798 0.04779 0.01040 0.01963 -0.00244 -0.03084 -0.03525 0.03151 -0.01528 -0.05766 0.02463 -0.01609 0.05652 -0.08608 -0.00114 0.02742 -0.00742 0.00389 0.00221 -0.03744 0.00631 0.79401 -0.02259 0.00136 -0.02701 -0.00492 0.05433 0.00974 -0.02678 -0.02739 0.04277 0.04059 0.00388 0.04873 0.05305 -0.02128 -0.03214 -0.02455 0.03583 0.00772 -0.04072 -0.02209 0.02249 -0.03038 -0.00049 -0.07138
0.00454 0.03034 0.02185 0.01018 0.01958 -0.03560 0.01531 -0.00882 -0.01457 0.01382 0.02924 -0.02258 0.02769 -0.00348 0.00619 0.03236 0.05548 0.04421 0.03216 0.04560 0.02526 -0.02666 0.00207 -0.04595 -0.03564 0.02259 0.48040 -0.08624 -0.02460 -0.01514 0.00666 0.01591 0.00066 0.01864 0.03926 -0.03297 -0.02425 -0.00641 -0.01543 -0.08146 0.05421 -0.00381 -0.00145 -0.05339 -0.03248 -0.00154 0.08418 0.02428 -0.07461 0.01352
-0.04705 -0.02199 -0.01639 0.02997 0.02076 -0.04205 0.02706 -0.02818 -0.00477 0.01536 0.03665 -0.04332 -0.03633 0.00917 -0.01182 0.03416 -0.01136 0.05339 0.00190 0.02972 -0.00655 -0.04337 -0.03740 -0.00628 -0.04066 -0.00136 0.08624 0.67605 0.02090 -0.00890 -0.01581 0.00637 -0.00730 0.02588 0.04837 -0.01921 -0.02113 0.01239 -0.01548 0.02547 0.07461 -0.06415 -0.03843 -0.05553 0.03095 0.03591 0.05708 0.02997 -0.02618 0.00146
0.00451 0.04910 0.00649 0.08109 0.01534 -0.04422 0.03545 0.06298 -0.02098 -0.05503 -0.00730 -0.02564 0.00560 0.02002 -0.00487 0.03713 0.03135 -0.00441 0.01625 0.02318 0.02957 0.04267 -0.00700 -0.03518 -0.02026 0.02701 0.02460 -0.02090 0.50050 -0.00182 -0.00176 -0.02619 -0.03641 -0.00161 0.02772 -0.00434 -0.03485 -0.03226 0.00734 -0.01146 0.00421 0.01908 0.00142 -0.02627 -0.04822 0.02736 0.02837 0.01505 -0.04482 -0.06056
0.02191 0.00237 0.02741 -0.01359 0.00960 -0.08953 -0.03555 -0.01328 0.00508 -0.00714 0.03595 -0.02319 -0.03148 -0.00513 0.04098 0.04485 -0.01128 0.04184 0.03404 0.00080 0.01326 0.00178 -0.01667 -0.01214 0.01060 0.00492 0.01514 0.00890 0.00182 1.02434 -0.00401 -0.00590 -0.02625 0.03099 0.00669 -0.01035 -0.02218 -0.04362 -0.07584 -0.01309 -0.01271 0.03808 -0.00835 -0.03083 0.01254 0.02193 0.00160 0.04858 -0.03190 0.00924
-0.03217 -0.00495 -0.04370 -0.08499 0.07023 -0.07372 0.01330 -0.00632 -0.02323 0.02006 0.04309 -0.05624 -0.01022 -0.01828 -0.05989 0.02239 -0.04194 0.04264 -0.00006 0.01830 -0.00837 -0.04620 -0.02500 -0.00622 -0.04273 -0.05433 -0.00666 0.01581 0.00176 0.00401 0.83590 -0.00858 -0.04157 -0.01754 0.00975 -0.03045 -0.04021 0.02060 -0.00101 0.02130 -0.02102 -0.05318 -0.06137 -0.00999 0.03248 0.03975 -0.01664 0.05446 -0.01134 0.04195
-0.00615 -0.02486 -0.01291 0.04952 0.00987 -0.05894 -0.00334 0.00722 0.00149 0.02423 0.00731 0.00573 -0.03885 0.02289 0.02075 0.00126 0.01138 -0.00482 0.01746 -0.00951 -0.00434 0.00445 -0.00795 0.04630 -0.03165 -0.00974 -0.01591 -0.00637 0.02619 0.00590 0.00858 0.50770 0.05879 -0.00931 0.07956 -0.00144 0.04099 -0.02638 0.01729 -0.00007 0.00885 -0.01988 0.02675 0.00044 0.02223 0.02583 -0.04177 -0.02570 0.02724 -0.02355
-0.03369 -0.00500 -0.01922 -0.04744 0.00732 0.03440 -0.03137 0.02371 0.01807 -0.01915 0.00845 0.02564 0.02062 -0.04314 -0.00465 -0.06583 -0.00829 -0.01747 -0.00860 -0.07712 0.01253 0.01412 0.00417 0.03720 0.04280 0.02678 -0.00066 0.00730 0.03641 0.02625 0.04157 -0.05879 0.67067 0.02530 -0.07641 -0.01198 -0.04313 -0.02069 -0.03488 0.01405 -0.05624 0.07031 -0.02058 0.00342 -0.00617 -0.00519 -0.00453 0.01195 0.01349 0.02316
-0.00054 0.00366 0.01025 -0.00287 0.02497 -0.10864 0.00048 -0.00006 0.00026 -0.02478 0.00792 -0.02227 -0.00682 0.01033 -0.01800 0.01496 -0.00480 0.02244 0.01491 -0.00087 0.02991 -0.01981 -0.01083 0.00296 -0.01835 0.02739 -0.01864 -0.02588 0.00161 -0.03099 0.01754 0.00931 -0.02530 0.47198 -0.01678 -0.02542 -0.02687 -0.01265 0.00465 -0.01479 0.01053 -0.00508 0.00620 -0.01155 -0.00122 0.00895 0.00653 0.03805 -0.02146 0.01619
0.01710 0.06548 -0.00478 -0.09067 -0.00709 0.02240 -0.01039 0.03822 -0.01996 -0.03192 -0.01454 -0.00119 0.02601 -0.06413 0.04516 -0.03627 0.05103 -0.01424 0.00456 -0.03374 -0.04214 0.01007 0.05545 -0.07215 0.00931 -0.04277 -0.03926 -0.04837 -0.02772 -0.00669 -0.00975 -0.07956 0.07641 0.01678 0.56114 0.04397 -0.00477 0.01677 0.03493 -0.02784 -0.00938 0.02872 0.03129 0.00677 -0.05614 0.01577 0.05353 0.02754 -0.03905 -0.00625
-0.11419 -0.01617 -0.00472 -0.00429 0.05418 0.02232 -0.01528 -0.02861 0.02952 -0.03606 0.01584 -0.01211 -0.03007 -0.04607 -0.06192 0.02616 0.00686 -0.00304 -0.04779 0.02108 -0.04756 -0.06314 0.02536 -0.03060 0.02813 -0.04059 0.03297 0.01921 0.00434 0.01035 0.03045 0.00144 0.01198 0.02542 -0.04397 0.16494 0.03695 -0.03253 -0.01864 0.01536 -0.01489 -0.04864 -0.03661 -0.01559 -0.01152 0.08939 -0.00868 0.00785 0.07076 -0.00159
0.00835 -0.00027 -0.00387 -0.03530 0.05020 -0.07611 -0.01009 -0.03971 0.00452 0.02812 0.04468 0.01995 0.00465 -0.00182 -0.02641 -0.01280 0.00104 0.03502 0.03332 -0.02303 -0.02050 -0.01577 -0.02924 0.00919 0.03873 -0.00388 0.02425 0.02113 0.03485 0.02218 0.04021 -0.04099 0.04313 0.02687 0.00477 -0.03695 0.89092 -0.00415 -0.03806 0.01108 0.01601 0.00664 -0.02181 -0.01711 0.03962 0.00050 0.01269 0.00001 0.00090 -0.01068
0.00456 0.01687 -0.02029 -0.05900 0.01203 0.06426 -0.00528 -0.03290 0.00425 0.01830 0.01765 -0.01199 0.00341 0.03300 0.03456 0.00933 -0.00130 0.02715 0.01474 0.05329 -0.01114 -0.03256 0.00162 -0.00290 0.03528 -0.04873 0.00641 -0.01239 0.03226 0.04362 -0.02060 0.02638 0.02069 0.01265 -0.01677 0.03253 0.00415 0.02347 -0.00169 -0.00984 0.02639 0.01712 -0.01474 -0.01265 0.00832 0.01755 0.01418 -0.00283 0.01127 0.05042
-0.01984 -0.00497 -0.00626 -0.02147 0.01374 0.09609 0.03884 0.02177 0.05438 0.01656 0.03261 -0.02131 0.02102 -0.00527 -0.00105 -0.00310 -0.01556 0.02086 -0.01388 -0.00571 -0.02713 -0.00447 0.02796 -0.00700 -0.00369 -0.05305 0.01543 0.01548 -0.00734 0.07584 0.00101 -0.01729 0.03488 -0.00465 -0.03493 0.01864 0.03806 0.00169 0.30120 0.02672 -0.01571 -0.00239 -0.01388 0.00899 0.01471 0.03592 -0.02591 -0.04819 0.03767 0.02526
-0.01028 0.04509 0.01371 0.03107 0.01482 -0.00080 0.03437 -0.02241 0.02321 -0.01023 0.02566 0.00571 0.03064 0.02395 -0.03816 0.03364 -0.01104 0.04639 0.01590 0.06408 0.02457 -0.00637 0.00144 -0.03197 -0.00397 0.02128 0.08146 -0.02547 0.01146 0.01309 -0.02130 0.00007 -0.01405 0.01479 0.02784 -0.01536 -0.01108 0.00984 -0.02672 0.45364 0.05555 -0.01845 -0.02669 -0.06301 -0.00070 0.02340 0.04026 -0.00238 -0.00567 -0.00128
0.02158 0.02752 0.01381 -0.08053 -0.00623 0.03999 -0.05248 0.01633 0.00148 -0.02777 -0.00236 0.00411 0.07265 -0.07011 0.02395 -0.03763 0.03922 -0.04486 0.01553 -0.02386 0.00401 -0.00931 0.04149 0.00483 0.05611 0.03214 -0.05421 -0.07461 -0.00421 0.01271 0.02102 -0.00885 0.05624 -0.01053 0.00938 0.01489 -0.01601 -0.02639 0.01571 -0.05555 0.64705 0.04342 0.04046 0.01044 -0.03500 -0.03524 0.00418 0.01828 -0.00891 0.01964
0.03614 0.01453 0.04128 -0.00427 -0.04934 0.06660 -0.06382 -0.02163 0.03195 -0.05561 -0.07687 0.03989 -0.02528 -0.03479 0.02183 -0.00408 0.00312 -0.04193 -0.05861 0.02086 0.02915 0.06033 -0.01910 -0.01158 0.05725 0.02455 0.00381 0.06415 -0.01908 -0.03808 0.05318 0.01988 -0.07031 0.00508 -0.02872 0.04864 -0.00664 -0.01712 0.00239 0.01845 -0.04342 0.50261 -0.02080 -0.01207 -0.06537 -0.00591 -0.02331 0.02902 -0.00708 -0.07472
-0.00312 0.01465 -0.03981 0.03602 -0.05098 -0.04942 -0.01975 0.03296 0.05994 -0.02802 -0.04772 0.02858 -0.02228 0.01783 0.02534 -0.05755 0.00774 -0.00544 0.00689 -0.03027 -0.03578 0.04409 0.01756 0.00490 -0.01876 -0.03583 0.00145 0.03843 -0.00142 0.00835 0.06137 -0.02675 0.02058 -0.00620 -0.03129 0.03661 0.02181 0.01474 0.01388 0.02669 -0.04046 0.02080 0.48991 0.03843 -0.04349 -0.01461 -0.03180 -0.02072 0.01647 -0.03037
0.01262 -0.01224 -0.04337 -0.01808 -0.01533 0.07043 -0.06385 -0.04387 0.05820 0.01294 0.02356 0.00295 -0.02882 0.01135 -0.00825 -0.01902 -0.03417 0.01511 -0.03717 -0.02197 -0.00753 -0.02250 -0.02090 0.04592 0.04445 -0.00772 0.05339 0.05553 0.02627 0.03083 0.00999 -0.00044 -0.00342 0.01155 -0.00677 0.01559 0.01711 0.01265 -0.00899 0.06301 -0.01044 0.01207 -0.03843 0.15977 0.05924 -0.01468 -0.04956 0.02734 0.03533 0.01326
0.01184 0.00271 0.02394 0.06338 0.00021 -0.02922 -0.02463 -0.00814 -0.01290 -0.00345 0.02821 0.02505 -0.00255 0.00295 0.01193 0.00914 0.01189 -0.00096 0.02676 0.01094 0.03688 0.01997 -0.01928 0.05197 0.01509 0.04072 0.03248 -0.03095 0.04822 -0.01254 -0.03248 -0.02223 0.00617 0.00122 0.05614 0.01152 -0.03962 -0.00832 -0.01471 0.00070 0.03500 0.06537 0.04349 -0.05924 0.52804 -0.01241 0.01846 -0.00908 0.00340 -0.00732
-0.02677 -0.01808 0.01296 -0.01172 0.04210 -0.01383 0.02986 -0.00101 -0.00825 0.02257 0.04109 -0.03113 0.03367 0.02128 -0.01771 0.01990 -0.02285 0.05106 -0.00417 -0.01728 0.03666 0.02135 -0.02371 0.03969 -0.02734 0.02209 0.00154 -0.03591 -0.02736 -0.02193 -0.03975 -0.02583 0.00519 -0.00895 -0.01577 -0.08939 -0.00050 -0.01755 -0.03592 -0.02340 0.03524 0.00591 0.01461 0.01468 0.01241 0.46335 0.03292 0.02341 -0.09167 0.05584
-0.01314 -0.04054 0.00525 -0.06547 0.00721 0.08453 -0.04979 -0.01577 0.00078 0.01485 -0.02857 -0.02211 0.00304 -0.06008 0.00207 0.01328 0.03603 -0.04094 -0.02767 -0.01309 -0.01445 -0.03555 0.02574 0.03106 0.03410 -0.02249 -0.08418 -0.05708 -0.02837 -0.00160 0.01664 0.04177 0.00453 -0.00653 -0.05353 0.00868 -0.01269 -0.01418 0.02591 -0.04026 -0.00418 0.02331 0.03180 0.04956 -0.01846 -0.03292 0.69926 0.05896 -0.02766 0.00610
0.02334 0.04099 -0.01121 -0.03266 -0.02321 -0.06233 0.00317 -0.02286 -0.00270 0.00089 0.01804 -0.04329 0.02967 0.04939 -0.03250 0.01680 -0.01277 -0.02839 0.00218 0.02149 0.03094 -0.00148 0.03512 -0.02697 0.00205 0.03038 -0.02428 -0.02997 -0.01505 -0.04858 -0.05446 0.02570 -0.01195 -0.03805 -0.02754 -0.00785 -0.00001 0.00283 0.04819 0.00238 -0.01828 -0.02902 0.02072 -0.02734 0.00908 -0.02341 -0.05896 0.72722 0.03139 0.04736
-0.06642 0.08904 0.02761 0.07866 0.06614 -0.00560 0.07029 0.02661 -0.01211 -0.00217 0.03375 0.00827 0.03120 0.03715 0.00013 0.04601 0.01551 0.03617 0.01282 0.03389 0.01492 0.05766 -0.01092 -0.05521 -0.02149 0.00049 0.07461 0.02618 0.04482 0.03190 0.01134 -0.02724 -0.01349 0.02146 0.03905 -0.07076 -0.00090 -0.01127 -0.03767 0.00567 0.00891 0.00708 -0.01647 -0.03533 -0.00340 0.09167 0.02766 -0.03139 0.56521 -0.02740
0.06823 -0.01355 0.04818 0.08991 -0.03131 0.04285 -0.00733 -0.00334 0.02217 0.00382 -0.03919 0.07851 0.00558 0.06426 0.03583 0.01857 0.01375 -0.01734 0.01240 -0.07041 0.07806 0.08538 -0.03757 0.03013 -0.01247 0.07138 -0.01352 -0.00146 0.06056 -0.00924 -0.04195 0.02355 -0.02316 -0.01619 0.00625 0.00159 0.01068 -0.05042 -0.02526 0.00128 -0.01964 0.07472 0.03037 -0.01326 0.00732 -0.05584 -0.00610 -0.04736 0.02740 0.00000
