0.24520 0.02567 -0.00299 0.03030 0.02019 -0.00684 0.00387 0.00835 -0.00217 0.00384 -0.00302 -0.00767 -0.00683 -0.00400 0.01468 0.00419 0.00454 0.00716 0.01226 -0.02216 -0.01615 -0.01013 -0.00164 -0.02766 0.00410 0.00783 -0.00379 -0.02312 0.03584 0.02819 0.00330 0.00778 0.01069 -0.03295 -0.03118 0.01683 0.00458 0.00886 -0.00627 -0.00666 -0.03075 -0.00948 -0.02309 -0.02512 -0.01000 0.00431 0.01191 -0.01383 -0.00720 0.00710
-0.02567 0.67784 -0.03298 0.03403 0.02065 -0.00866 -0.00173 -0.01641 0.00692 0.00643 0.02686 0.00538 0.01703 0.00259 0.00126 0.01816 0.00885 0.00290 -0.00456 -0.01950 -0.00933 0.00507 0.01451 -0.02288 -0.00570 -0.01133 0.00773 -0.02551 0.01620 0.01176 -0.00137 -0.00744 -0.01409 0.00693 0.00671 -0.01564 0.00487 -0.01693 -0.00713 0.00757 0.01909 -0.03249 -0.01829 -0.03686 -0.02158 -0.01758 -0.00810 -0.02200 -0.00830 -0.00080
0.00299 0.03298 0.07133 0.02146 0.02070 -0.02298 -0.00392 0.00369 0.01723 0.01051 -0.01355 -0.00551 0.02291 -0.00331 0.03002 0.02943 0.01048 0.01076 0.00930 -0.03210 -0.02211 -0.00571 0.02234 -0.00084 -0.00566 0.02750 0.00425 -0.01800 0.02523 0.02671 -0.00185 -0.01129 0.02630 -0.01571 -0.00006 0.03575 -0.00554 0.00284 -0.01581 -0.00236 -0.01010 -0.01260 -0.01392 -0.01099 -0.01383 -0.00973 0.01929 -0.01660 -0.01373 0.02074
-0.03030 -0.03403 -0.02146 0.64302 0.01374 0.00561 -0.00285 -0.01183 0.01668 0.00758 0.02113 0.00560 0.00557 0.00106 -0.02166 0.01323 0.00587 -0.00917 -0.02463 0.01091 0.02097 0.00424 -0.01144 -0.01571 -0.00522 -0.01012 0.00754 0.02315 -0.00998 -0.00772 -0.00830 -0.01694 -0.00786 0.03965 0.02176 0.01363 0.00492 -0.00405 0.00989 -0.00259 0.00878 0.01679 0.01752 -0.03141 -0.01712 -0.00977 -0.02520 -0.00304 -0.01115 0.00890
-0.02019 -0.02065 -0.02070 -0.01374 0.41241 -0.02395 -0.00255 -0.02086 0.00471 0.00089 0.01513 0.00024 -0.00086 0.00964 -0.00941 -0.01229 0.00746 0.00594 -0.02544 0.04365 0.03258 -0.00443 -0.01120 0.01143 -0.01045 -0.02482 0.00521 -0.00064 -0.00967 0.02319 0.01328 -0.00266 -0.02024 0.02698 0.00218 0.01041 -0.00020 0.00357 0.03165 -0.01222 0.00830 0.02632 0.01798 0.02321 -0.00025 0.00075 -0.02603 0.01809 -0.00457 -0.00787
0.00684 0.00866 0.02298 -0.00561 0.02395 0.68428 -0.01011 0.00841 0.00586 0.02358 -0.02028 -0.00074 -0.01616 0.00111 0.01394 0.01270 -0.00247 -0.00693 0.01335 -0.01577 -0.00710 -0.01116 -0.00695 -0.01313 -0.00209 0.00717 -0.01779 -0.02356 0.00251 0.01111 0.00130 0.01394 0.02506 -0.02604 -0.00189 0.00489 0.00090 0.01604 -0.00481 -0.00097 0.00016 0.00144 -0.00915 -0.00095 -0.00542 -0.01545 -0.00054 -0.00553 -0.01859 0.02385
-0.00387 0.00173 0.00392 0.00285 0.00255 0.01011 0.51942 -0.01049 -0.03519 -0.01170 0.01504 0.01229 0.00745 0.00562 -0.01904 -0.00920 -0.00636 0.00476 0.00893 0.00004 0.02617 -0.00381 -0.00384 0.00964 -0.00899 -0.00305 0.01944 0.00700 -0.00909 -0.00172 0.01032 0.00736 -0.02020 -0.00450 -0.00898 -0.03154 -0.00840 -0.01819 0.01166 0.01225 0.01024 0.00994 0.01753 -0.00015 0.01445 0.00411 -0.00544 -0.00634 -0.00083 -0.02307
-0.00835 0.01641 -0.00369 0.01183 0.02086 -0.00841 0.01049 0.58922 0.01088 0.02117 -0.00581 -0.00452 -0.00878 -0.01254 0.01777 0.01972 0.02305 0.00342 0.02400 -0.01549 -0.01897 -0.01389 0.02753 -0.01554 -0.00911 0.00574 -0.02407 -0.02603 0.02250 0.04976 -0.00481 0.00030 0.02357 0.00387 -0.03754 0.02538 -0.00011 -0.01145 0.00286 0.01721 -0.01121 -0.02316 -0.02282 -0.00703 0.01897 0.01377 0.02716 -0.02829 0.00900 0.01845
0.00217 -0.00692 -0.01723 -0.01668 -0.00471 -0.00586 0.03519 -0.01088 0.79750 -0.01657 0.00535 -0.02421 0.01013 -0.00209 -0.01827 -0.00965 0.01708 -0.02430 0.00151 0.00167 0.02021 0.00376 -0.00793 0.00433 -0.01136 -0.00511 0.00452 0.00662 -0.00366 -0.00780 0.00893 -0.00192 -0.01332 0.03286 0.00496 0.00235 0.00564 -0.03075 0.01640 -0.01456 -0.00038 0.02223 -0.00572 0.00044 0.00767 -0.00935 0.00541 -0.00709 -0.00304 -0.00861
-0.00384 -0.00643 -0.01051 -0.00758 -0.00089 -0.02358 0.01170 -0.02117 0.01657 0.26136 -0.00735 -0.01075 0.00167 -0.00885 0.01105 0.02202 0.00084 -0.00490 0.00251 -0.01455 0.00375 -0.01373 0.01938 -0.00470 -0.00183 0.02233 -0.01825 -0.00849 0.01262 0.00073 0.00004 0.00124 0.01437 0.01000 -0.02771 0.00823 0.00694 0.00585 -0.00509 -0.00198 -0.00523 -0.01725 -0.01491 -0.00374 0.00095 -0.01345 0.00220 0.00445 -0.02316 0.01837
0.00302 -0.02686 0.01355 -0.02113 -0.01513 0.02028 -0.01504 0.00581 -0.00535 0.00735 0.96970 -0.00608 -0.00127 -0.01030 0.00899 -0.00387 -0.00734 0.02898 -0.01670 0.00922 0.03157 -0.00930 -0.03060 0.01398 0.01765 -0.00141 0.02235 0.00047 -0.00645 -0.02220 0.01470 0.00735 -0.00486 0.00886 0.00696 0.00465 0.01132 0.00876 0.01589 -0.00750 -0.02065 0.00593 0.00132 0.00964 0.00871 -0.00539 -0.00547 0.00163 0.00461 0.01107
0.00767 -0.00538 0.00551 -0.00560 -0.00024 0.00074 -0.01229 0.00452 0.02421 0.01075 0.00608 0.32242 0.00778 -0.00806 0.00623 -0.01282 -0.01554 0.01118 0.01961 -0.00781 -0.01375 -0.01126 0.00158 -0.00987 -0.01201 0.02111 -0.00193 -0.00658 -0.00182 0.01396 0.00029 0.00725 0.01528 -0.00040 -0.02229 0.03455 0.00775 0.02320 0.01514 0.01042 0.00699 0.00344 0.00588 -0.00528 0.01071 0.00870 0.02193 -0.01326 0.00017 0.02988
0.00683 -0.01703 -0.02291 -0.00557 0.00086 0.01616 -0.00745 0.00878 -0.01013 -0.00167 0.00127 -0.00778 0.55128 -0.03654 0.00266 -0.00498 -0.01221 0.01501 -0.00178 0.02360 0.01915 -0.00488 -0.02546 0.01888 0.00081 -0.03178 0.00346 0.01773 -0.00783 -0.01926 -0.00928 0.00262 -0.00909 0.01244 0.01080 0.00896 0.00191 -0.02404 0.01018 0.00807 0.01146 0.02410 -0.01704 -0.01610 -0.00897 -0.02076 -0.01365 -0.00325 0.00318 0.01439
0.00400 -0.00259 0.00331 -0.00106 -0.00964 -0.00111 -0.00562 0.01254 0.00209 0.00885 0.01030 0.00806 0.03654 0.25477 -0.01250 -0.01392 -0.01582 0.00585 -0.01250 0.02191 0.00166 0.00248 -0.01758 0.00297 0.00527 -0.02355 0.02432 0.00264 -0.00248 -0.01563 0.00329 0.00113 -0.01501 0.00899 0.02505 -0.00191 -0.02363 -0.00617 -0.00748 0.00487 0.01446 0.01593 0.01253 0.00445 0.02630 -0.00503 -0.01593 0.03066 0.01101 -0.01744
-0.01468 -0.00126 -0.03002 0.02166 0.00941 -0.01394 0.01904 -0.01777 0.01827 -0.01105 -0.00899 -0.00623 -0.00266 0.01250 0.75463 0.01218 0.02580 -0.01114 0.00157 0.00702 -0.00455 -0.00411 -0.00497 -0.00398 -0.02845 -0.00540 -0.00614 -0.01663 0.01691 0.04554 -0.01103 -0.02641 -0.00376 -0.01042 0.02159 0.02222 -0.00220 -0.01597 0.00678 0.00982 0.01550 -0.02356 0.00633 -0.02697 -0.01523 -0.02220 -0.00297 -0.02359 -0.00623 0.00870
-0.00419 -0.01816 -0.02943 -0.01323 0.01229 -0.01270 0.00920 -0.01972 0.00965 -0.02202 0.00387 0.01282 0.00498 0.01392 -0.01218 0.36707 0.00573 -0.00881 -0.00858 0.01070 0.00698 0.01498 -0.03848 0.00434 -0.02120 -0.00744 0.00114 0.00535 0.00068 0.00827 -0.00453 0.00236 -0.00848 0.01002 0.01567 0.00900 0.00592 -0.03088 0.01439 0.00444 0.00769 0.00461 -0.01350 0.00530 0.01493 -0.01269 -0.00287 0.01418 -0.01497 -0.00405
-0.00454 -0.00885 -0.01048 -0.00587 -0.00746 0.00247 0.00636 -0.02305 -0.01708 -0.00084 0.00734 0.01554 0.01221 0.01582 -0.02580 -0.00573 1.01387 0.00361 -0.01290 0.01137 -0.00776 -0.01257 -0.00717 -0.00208 -0.00089 -0.00616 -0.01379 -0.01129 0.00501 0.00936 0.00334 -0.01185 -0.01579 0.01773 0.02453 -0.01235 -0.01188 -0.00195 0.01986 -0.00639 0.00747 0.00970 -0.00037 -0.00554 -0.00773 -0.01031 -0.00931 0.00507 0.00805 -0.00655
-0.00716 -0.00290 -0.01076 0.00917 -0.00594 0.00693 -0.00476 -0.00342 0.02430 0.00490 -0.02898 -0.01118 -0.01501 -0.00585 0.01114 0.00881 -0.00361 0.75705 0.00312 0.00312 -0.02638 0.00502 0.01622 -0.00647 -0.01321 0.01013 0.01284 -0.02093 0.01196 0.01131 -0.00528 0.02144 0.03337 -0.00279 -0.01487 0.00722 0.00917 0.03408 -0.01569 0.00886 -0.00456 0.00686 0.01650 -0.00200 -0.00333 -0.00779 0.00889 0.01039 -0.01900 0.00239
-0.01226 0.00456 -0.00930 0.02463 0.02544 -0.01335 -0.00893 -0.02400 -0.00151 -0.00251 0.01670 -0.01961 0.00178 0.01250 -0.00157 0.00858 0.01290 -0.00312 1.00867 -0.02904 -0.01675 0.01806 0.02159 -0.02081 -0.02567 -0.01904 -0.00789 -0.01081 0.00700 0.00302 -0.02812 -0.02605 0.01383 -0.01915 -0.01072 -0.00125 0.00086 -0.01169 -0.02631 0.00289 0.01737 -0.00236 0.00661 -0.01617 -0.02545 -0.00277 0.02005 -0.02508 -0.01413 0.01972
0.02216 0.01950 0.03210 -0.01091 -0.04365 0.01577 -0.00004 0.01549 -0.00167 0.01455 -0.00922 0.00781 -0.02360 -0.02191 -0.00702 -0.01070 -0.01137 -0.00312 0.02904 0.55582 0.00013 0.01248 0.00378 -0.00426 0.01062 0.00136 -0.01222 -0.00434 -0.02190 -0.00625 -0.00772 0.02184 0.00145 -0.01570 -0.01523 0.00768 -0.00254 0.01647 -0.01041 0.00312 -0.01911 0.00522 -0.00626 0.00686 0.01688 0.01310 -0.00290 0.00962 0.01327 -0.00274
0.01615 0.00933 0.02211 -0.02097 -0.03258 0.00710 -0.02617 0.01897 -0.02021 -0.00375 -0.03157 0.01375 -0.01915 -0.00166 0.00455 -0.00698 0.00776 0.02638 0.01675 -0.00013 0.70816 -0.00251 0.00540 0.02220 0.00251 0.01661 0.00040 0.00723 -0.02332 -0.02974 0.01230 0.00552 0.01016 0.01271 -0.00278 0.00378 -0.00998 0.00777 0.00912 0.01336 -0.01516 0.01583 0.01220 0.03841 0.03233 0.03274 0.01622 0.02035 0.01031 -0.00897
0.01013 -0.00507 0.00571 -0.00424 0.00443 0.01116 0.00381 0.01389 -0.00376 0.01373 0.00930 0.01126 0.00488 -0.00248 0.00411 -0.01498 0.01257 -0.00502 -0.01806 -0.01248 0.00251 0.16370 -0.01643 0.01187 0.01812 -0.01070 0.01278 0.02050 -0.01372 0.01148 0.00736 -0.00715 -0.00844 0.00671 0.01595 -0.00917 0.01451 -0.00146 0.01602 -0.00183 0.00718 0.00162 0.01562 -0.01677 0.01056 0.01828 -0.02040 0.01067 0.01256 0.00034
0.00164 -0.01451 -0.02234 0.01144 0.01120 0.00695 0.00384 -0.02753 0.00793 -0.01938 0.03060 -0.00158 0.02546 0.01758 0.00497 0.03848 0.00717 -0.01622 -0.02159 -0.00378 -0.00540 0.01643 0.54184 -0.00950 -0.01565 -0.02340 -0.02437 -0.01077 0.01236 0.00523 -0.00945 -0.00022 -0.01116 0.01708 0.00612 -0.01851 -0.00965 -0.01585 0.01257 -0.01038 0.00630 -0.03475 0.01295 0.01023 -0.01101 -0.02150 -0.00685 0.00366 0.00053 0.01215
0.02766 0.02288 0.00084 0.01571 -0.01143 0.01313 -0.00964 0.01554 -0.00433 0.00470 -0.01398 0.00987 -0.01888 -0.00297 0.00398 -0.00434 0.00208 0.00647 0.02081 0.00426 -0.02220 -0.01187 0.00950 0.13700 -0.00680 0.00566 0.00843 -0.02418 -0.00578 0.00476 -0.00058 0.01413 0.00432 0.00338 -0.02697 0.01915 -0.00635 -0.00987 -0.02083 -0.00837 -0.01218 -0.00039 0.00661 -0.01425 -0.00243 0.02148 0.02266 0.00019 0.01859 -0.00246
-0.00410 0.00570 0.00566 0.00522 0.01045 0.00209 0.00899 0.00911 0.01136 0.00183 -0.01765 0.01201 -0.00081 -0.00527 0.02845 0.02120 0.00089 0.01321 0.02567 -0.01062 -0.00251 -0.01812 0.01565 0.00680 0.18690 0.00255 -0.02402 -0.02293 -0.00460 0.01206 -0.01143 0.01492 0.01089 0.00044 -0.01346 -0.01482 0.00145 0.00489 -0.02798 0.00634 0.00910 -0.00738 -0.01841 -0.00271 -0.01779 0.00778 0.01866 -0.00436 -0.01051 0.03124
-0.00783 0.01133 -0.02750 0.01012 0.02482 -0.00717 0.00305 -0.00574 0.00511 -0.02233 0.00141 -0.02111 0.03178 0.02355 0.00540 0.00744 0.00616 -0.01013 0.01904 -0.00136 -0.01661 0.01070 0.02340 -0.00566 -0.00255 0.13290 -0.01481 -0.00866 0.01870 0.00383 -0.01285 0.01058 0.00986 -0.01023 -0.02258 0.02045 -0.00481 -0.01850 -0.00418 0.00312 -0.00170 -0.01283 -0.01142 0.00628 0.00782 -0.01119 0.02405 -0.00963 -0.01987 0.02030
0.00379 -0.00773 -0.00425 -0.00754 -0.00521 0.01779 -0.01944 0.02407 -0.00452 0.01825 -0.02235 0.00193 -0.00346 -0.02432 0.00614 -0.00114 0.01379 -0.01284 0.00789 0.01222 -0.00040 -0.01278 0.02437 -0.00843 0.02402 0.01481 0.66386 0.02033 -0.02157 0.00309 -0.00032 0.00090 0.02893 -0.00222 -0.00226 0.00346 -0.00848 0.02339 -0.00993 0.00680 0.00996 -0.00699 -0.00052 0.02120 0.00718 0.01814 0.01966 0.00013 0.00069 0.00053
0.02312 0.02551 0.01800 -0.02315 0.00064 0.02356 -0.00700 0.02603 -0.00662 0.00849 -0.00047 0.00658 -0.01773 -0.00264 0.01663 -0.00535 0.01129 0.02093 0.01081 0.00434 -0.00723 -0.02050 0.01077 0.02418 0.02293 0.00866 -0.02033 0.59885 -0.00776 -0.01851 0.01440 -0.00380 0.02050 -0.01483 -0.02724 0.01694 0.00600 0.02035 -0.00148 0.00905 -0.02465 0.00423 0.00473 0.00630 0.01100 -0.00564 -0.00230 -0.02005 -0.00774 0.02001
-0.03584 -0.01620 -0.02523 0.00998 0.00967 -0.00251 0.00909 -0.02250 0.00366 -0.01262 0.00645 0.00182 0.00783 0.00248 -0.01691 -0.00068 -0.00501 -0.01196 -0.00700 0.02190 0.02332 0.01372 -0.01236 0.00578 0.00460 -0.01870 0.02157 0.00776 1.02625 0.01057 -0.01144 0.00110 -0.01996 0.02079 0.03787 -0.01384 -0.00674 -0.01306 0.01027 0.00584 0.02607 -0.00171 -0.00989 -0.00809 -0.01229 -0.01399 -0.02720 -0.00538 0.00300 -0.01425
-0.02819 -0.01176 -0.02671 0.00772 -0.02319 -0.01111 0.00172 -0.04976 0.00780 -0.00073 0.02220 -0.01396 0.01926 0.01563 -0.04554 -0.00827 -0.00936 -0.01131 -0.00302 0.00625 0.02974 -0.01148 -0.00523 -0.00476 -0.01206 -0.00383 -0.00309 0.01851 -0.01057 0.57399 -0.00770 0.01792 -0.02057 -0.00235 0.02435 -0.02249 -0.01091 -0.01489 0.00281 -0.00931 0.00286 0.00428 0.00994 -0.00960 0.01837 0.00024 -0.02492 -0.00066 -0.00860 0.00938
-0.00330 0.00137 0.00185 0.00830 -0.01328 -0.00130 -0.01032 0.00481 -0.00893 -0.00004 -0.01470 -0.00029 0.00928 -0.00329 0.01103 0.00453 -0.00334 0.00528 0.02812 0.00772 -0.01230 -0.00736 0.00945 0.00058 0.01143 0.01285 0.00032 -0.01440 0.01144 0.00770 1.01236 -0.00916 0.01055 -0.00343 0.00333 0.01623 -0.00496 -0.00726 -0.01081 0.00801 -0.02109 0.00210 -0.00935 0.00540 -0.01937 -0.00045 0.01602 -0.00926 -0.00156 0.01077
-0.00778 0.00744 0.01129 0.01694 0.00266 -0.01394 -0.00736 -0.00030 0.00192 -0.00124 -0.00735 -0.00725 -0.00262 -0.00113 0.02641 -0.00236 0.01185 -0.02144 0.02605 -0.02184 -0.00552 0.00715 0.00022 -0.01413 -0.01492 -0.01058 -0.00090 0.00380 -0.00110 -0.01792 0.00916 0.29203 0.00379 -0.01611 -0.00663 0.01977 0.00299 0.00865 -0.01118 -0.00014 -0.00025 -0.00789 -0.01241 -0.00031 -0.02389 0.00114 0.01630 -0.01219 0.00429 0.01275
-0.01069 0.01409 -0.02630 0.00786 0.02024 -0.02506 0.02020 -0.02357 0.01332 -0.01437 0.00486 -0.01528 0.00909 0.01501 0.00376 0.00848 0.01579 -0.03337 -0.01383 -0.00145 -0.01016 0.00844 0.01116 -0.00432 -0.01089 -0.00986 -0.02893 -0.02050 0.01996 0.02057 -0.01055 -0.00379 0.67460 0.00293 0.01210 0.00459 -0.00300 -0.00080 -0.03107 0.01349 0.03990 -0.01372 -0.01777 -0.02353 -0.01248 -0.02974 0.00238 -0.00077 -0.00992 0.01221
0.03295 -0.00693 0.01571 -0.03965 -0.02698 0.02604 0.00450 -0.00387 -0.03286 -0.01000 -0.00886 0.00040 -0.01244 -0.00899 0.01042 -0.01002 -0.01773 0.00279 0.01915 0.01570 -0.01271 -0.00671 -0.01708 -0.00338 -0.00044 0.01023 0.00222 0.01483 -0.02079 0.00235 0.00343 0.01611 -0.00293 0.42602 -0.01368 -0.00512 0.00792 -0.00819 0.01020 0.01236 -0.02344 0.02587 0.00811 0.01821 0.03057 0.02409 -0.01570 -0.00425 0.01456 -0.00234
0.03118 -0.00671 0.00006 -0.02176 -0.00218 0.00189 0.00898 0.03754 -0.00496 0.02771 -0.00696 0.02229 -0.01080 -0.02505 -0.02159 -0.01567 -0.02453 0.01487 0.01072 0.01523 0.00278 -0.01595 -0.00612 0.02697 0.01346 0.02258 0.00226 0.02724 -0.03787 -0.02435 -0.00333 0.00663 -0.01210 0.01368 0.85823 -0.00030 0.00842 -0.00782 0.01369 -0.01991 -0.02714 0.01611 0.01416 0.01738 0.01211 0.00046 -0.01415 0.02540 0.00522 0.00191
-0.01683 0.01564 -0.03575 -0.01363 -0.01041 -0.00489 0.03154 -0.02538 -0.00235 -0.00823 -0.00465 -0.03455 -0.00896 0.00191 -0.02222 -0.00900 0.01235 -0.00722 0.00125 -0.00768 -0.00378 0.00917 0.01851 -0.01915 0.01482 -0.02045 -0.00346 -0.01694 0.01384 0.02249 -0.01623 -0.01977 -0.00459 0.00512 0.00030 0.45370 -0.02095 -0.00202 -0.01648 0.01902 0.02973 -0.02156 -0.01205 -0.00901 -0.02281 -0.01460 0.00809 -0.00767 -0.01072 0.00946
-0.00458 -0.00487 0.00554 -0.00492 0.00020 -0.00090 0.00840 0.00011 -0.00564 -0.00694 -0.01132 -0.00775 -0.00191 0.02363 0.00220 -0.00592 0.01188 -0.00917 -0.00086 0.00254 0.00998 -0.01451 0.00965 0.00635 -0.00145 0.00481 0.00848 -0.00600 0.00674 0.01091 0.00496 -0.00299 0.00300 -0.00792 -0.00842 0.02095 0.97173 -0.00528 -0.01779 0.00111 -0.00674 0.00174 -0.00959 -0.01155 0.00330 0.00698 -0.00899 0.01793 0.00146 0.01801
-0.00886 0.01693 -0.00284 0.00405 -0.00357 -0.01604 0.01819 0.01145 0.03075 -0.00585 -0.00876 -0.02320 0.02404 0.00617 0.01597 0.03088 0.00195 -0.03408 0.01169 -0.01647 -0.00777 0.00146 0.01585 0.00987 -0.00489 0.01850 -0.02339 -0.02035 0.01306 0.01489 0.00726 -0.00865 0.00080 0.00819 0.00782 0.00202 0.00528 0.48038 -0.01908 -0.00589 0.00851 -0.00521 -0.01896 0.00294 -0.01748 -0.00873 0.00229 -0.01174 -0.01287 0.01324
0.00627 0.00713 0.01581 -0.00989 -0.03165 0.00481 -0.01166 -0.00286 -0.01640 0.00509 -0.01589 -0.01514 -0.01018 0.00748 -0.00678 -0.01439 -0.01986 0.01569 0.02631 0.01041 -0.00912 -0.01602 -0.01257 0.02083 0.02798 0.00418 0.00993 0.00148 -0.01027 -0.00281 0.01081 0.01118 0.03107 -0.01020 -0.01369 0.01648 0.01779 0.01908 0.26843 -0.00961 -0.02237 0.01800 0.00927 0.02267 0.03042 0.00556 0.00737 0.00268 0.00135 0.02168
0.00666 -0.00757 0.00236 0.00259 0.01222 0.00097 -0.01225 -0.01721 0.01456 0.00198 0.00750 -0.01042 -0.00807 -0.00487 -0.00982 -0.00444 0.00639 -0.00886 -0.00289 -0.00312 -0.01336 0.00183 0.01038 0.00837 -0.00634 -0.00312 -0.00680 -0.00905 -0.00584 0.00931 -0.00801 0.00014 -0.01349 -0.01236 0.01991 -0.01902 -0.00111 0.00589 0.00961 0.95317 0.00163 0.01713 -0.00778 0.01023 -0.00394 -0.01159 0.00554 0.00603 0.00171 0.01608
0.03075 -0.01909 0.01010 -0.00878 -0.00830 -0.00016 -0.01024 0.01121 0.00038 0.00523 0.02065 -0.00699 -0.01146 -0.01446 -0.01550 -0.00769 -0.00747 0.00456 -0.01737 0.01911 0.01516 -0.00718 -0.00630 0.01218 -0.00910 0.00170 -0.00996 0.02465 -0.02607 -0.00286 0.02109 0.00025 -0.03990 0.02344 0.02714 -0.02973 0.00674 -0.00851 0.02237 -0.00163 0.99640 0.01743 0.01931 0.01831 -0.00196 0.00600 -0.00795 0.02422 -0.01503 -0.01524
0.00948 0.03249 0.01260 -0.01679 -0.02632 -0.00144 -0.00994 0.02316 -0.02223 0.01725 -0.00593 -0.00344 -0.02410 -0.01593 0.02356 -0.00461 -0.00970 -0.00686 0.00236 -0.00522 -0.01583 -0.00162 0.03475 0.00039 0.00738 0.01283 0.00699 -0.00423 0.00171 -0.00428 -0.00210 0.00789 0.01372 -0.02587 -0.01611 0.02156 -0.00174 0.00521 -0.01800 -0.01713 -0.01743 0.75074 0.00244 0.00581 0.00101 0.00284 0.00288 0.00585 -0.00470 0.00302
0.02309 0.01829 0.01392 -0.01752 -0.01798 0.00915 -0.01753 0.02282 0.00572 0.01491 -0.00132 -0.00588 0.01704 -0.01253 -0.00633 0.01350 0.00037 -0.01650 -0.00661 0.00626 -0.01220 -0.01562 -0.01295 -0.00661 0.01841 0.01142 0.00052 -0.00473 0.00989 -0.00994 0.00935 0.01241 0.01777 -0.00811 -0.01416 0.01205 0.00959 0.01896 -0.00927 0.00778 -0.01931 -0.00244 0.90436 0.02237 0.02047 0.00867 0.01721 0.00160 0.00703 0.00015
0.02512 0.03686 0.01099 0.03141 -0.02321 0.00095 0.00015 0.00703 -0.00044 0.00374 -0.00964 0.00528 0.01610 -0.00445 0.02697 -0.00530 0.00554 0.00200 0.01617 -0.00686 -0.03841 0.01677 -0.01023 0.01425 0.00271 -0.00628 -0.02120 -0.00630 0.00809 0.00960 -0.00540 0.00031 0.02353 -0.01821 -0.01738 0.00901 0.01155 -0.00294 -0.02267 -0.01023 -0.01831 -0.00581 -0.02237 0.26731 0.01247 0.00336 0.03286 -0.00812 -0.01198 -0.00155
0.01000 0.02158 0.01383 0.01712 0.00025 0.00542 -0.01445 -0.01897 -0.00767 -0.00095 -0.00871 -0.01071 0.00897 -0.02630 0.01523 -0.01493 0.00773 0.00333 0.02545 -0.01688 -0.03233 -0.01056 0.01101 0.00243 0.01779 -0.00782 -0.00718 -0.01100 0.01229 -0.01837 0.01937 0.02389 0.01248 -0.03057 -0.01211 0.02281 -0.00330 0.01748 -0.03042 0.00394 0.00196 -0.00101 -0.02047 -0.01247 0.54549 0.01314 0.03926 -0.03457 0.00954 -0.01827
-0.00431 0.01758 0.00973 0.00977 -0.00075 0.01545 -0.00411 -0.01377 0.00935 0.01345 0.00539 -0.00870 0.02076 0.00503 0.02220 0.01269 0.01031 0.00779 0.00277 -0.01310 -0.03274 -0.01828 0.02150 -0.02148 -0.00778 0.01119 -0.01814 0.00564 0.01399 -0.00024 0.00045 -0.00114 0.02974 -0.02409 -0.00046 0.01460 -0.00698 0.00873 -0.00556 0.01159 -0.00600 -0.00284 -0.00867 -0.00336 -0.01314 0.30753 0.01067 -0.01874 0.01044 0.01606
-0.01191 0.00810 -0.01929 0.02520 0.02603 0.00054 0.00544 -0.02716 -0.00541 -0.00220 0.00547 -0.02193 0.01365 0.01593 0.00297 0.00287 0.00931 -0.00889 -0.02005 0.00290 -0.01622 0.02040 0.00685 -0.02266 -0.01866 -0.02405 -0.01966 0.00230 0.02720 0.02492 -0.01602 -0.01630 -0.00238 0.01570 0.01415 -0.00809 0.00899 -0.00229 -0.00737 -0.00554 0.00795 -0.00288 -0.01721 -0.03286 -0.03926 -0.01067 0.76538 -0.00604 -0.01918 0.00307
0.01383 0.02200 0.01660 0.00304 -0.01809 0.00553 0.00634 0.02829 0.00709 -0.00445 -0.00163 0.01326 0.00325 -0.03066 0.02359 -0.01418 -0.00507 -0.01039 0.02508 -0.00962 -0.02035 -0.01067 -0.00366 -0.00019 0.00436 0.00963 -0.00013 0.02005 0.00538 0.00066 0.00926 0.01219 0.00077 0.00425 -0.02540 0.00767 -0.01793 0.01174 -0.00268 -0.00603 -0.02422 -0.00585 -0.00160 0.00812 0.03457 0.01874 0.00604 0.82821 0.01414 -0.00134
0.00720 0.00830 0.01373 0.01115 0.00457 0.01859 0.00083 -0.00900 0.00304 0.02316 -0.00461 -0.00017 -0.00318 -0.01101 0.00623 0.01497 -0.00805 0.01900 0.01413 -0.01327 -0.01031 -0.01256 -0.00053 -0.01859 0.01051 0.01987 -0.00069 0.00774 -0.00300 0.00860 0.00156 -0.00429 0.00992 -0.01456 -0.00522 0.01072 -0.00146 0.01287 -0.00135 -0.00171 0.01503 0.00470 -0.00703 0.01198 -0.00954 -0.01044 0.01918 -0.01414 0.15317 0.02049
-0.00710 0.00080 -0.02074 -0.00890 0.00787 -0.02385 0.02307 -0.01845 0.00861 -0.01837 -0.01107 -0.02988 -0.01439 0.01744 -0.00870 0.00405 0.00655 -0.00239 -0.01972 0.00274 0.00897 -0.00034 -0.01215 0.00246 -0.03124 -0.02030 -0.00053 -0.02001 0.01425 -0.00938 -0.01077 -0.01275 -0.01221 0.00234 -0.00191 -0.00946 -0.01801 -0.01324 -0.02168 -0.01608 0.01524 -0.00302 -0.00015 0.00155 0.01827 -0.01606 -0.00307 0.00134 -0.02049 0.90867
