0.26532 0.00536 -0.00562 0.04379 0.03941 -0.01125 0.00901 0.00150 0.00111 0.00039 -0.00384 -0.01097 -0.00292 -0.00388 0.01580 0.00776 0.00727 0.00222 0.01349 -0.03055 -0.00844 -0.00696 -0.00633 -0.03097 0.00568 0.00778 -0.01129 -0.02588 0.04261 0.04471 -0.00053 0.00579 0.01674 -0.03310 -0.03914 0.01950 -0.00135 -0.00114 -0.00774 -0.00196 -0.03311 -0.01666 -0.02278 -0.03903 -0.02862 -0.00099 0.01933 -0.02062 -0.00814 0.00355
-0.00536 0.69901 -0.02943 0.03160 0.02065 -0.01078 -0.00134 -0.00193 0.01050 0.00663 0.05134 0.00814 0.02156 -0.00914 0.01835 0.02057 0.02075 0.00384 -0.00320 -0.03129 -0.01635 0.00593 0.01847 -0.01781 0.00530 -0.01009 -0.00178 -0.02200 0.02989 0.00477 -0.01585 -0.00952 0.01961 -0.01737 -0.01280 -0.00466 0.00846 -0.01803 -0.01581 0.00291 0.04004 -0.03369 -0.00978 -0.02825 -0.01039 -0.01354 0.01082 -0.01985 -0.00377 -0.00825
0.00562 0.02943 0.10186 0.02691 0.02616 -0.03048 0.00242 0.00826 0.02613 0.00695 -0.02155 -0.00735 0.02666 -0.00185 0.03717 0.03591 0.01294 0.00633 0.01982 -0.03953 -0.02488 -0.00467 0.02557 -0.00459 -0.01174 0.02798 -0.00364 -0.02302 0.03189 0.03062 -0.00487 -0.01103 0.03604 -0.02257 -0.01057 0.03979 -0.00792 -0.00797 -0.02309 0.00107 -0.01968 -0.01993 -0.01468 -0.01401 -0.01945 -0.01799 0.02736 -0.01860 -0.01978 0.02244
-0.04379 -0.03160 -0.02691 0.67071 0.01439 0.00403 -0.00220 -0.02436 0.01849 0.00605 0.02945 0.00380 0.00790 0.00619 -0.02692 0.01547 0.00605 -0.00964 -0.03217 0.01890 0.02421 0.00605 -0.01264 -0.01918 -0.01291 -0.01403 0.00752 0.02432 -0.01270 -0.00436 -0.00788 -0.02070 -0.02017 0.04853 0.03149 0.01145 0.00805 -0.00394 0.01782 -0.00387 0.01817 0.01576 0.01619 -0.04192 -0.02446 -0.01411 -0.03353 -0.00046 -0.01550 0.01029
-0.03941 -0.02065 -0.02616 -0.01439 0.43851 -0.02324 -0.00354 -0.03679 0.00350 0.00041 0.02526 -0.00149 -0.00077 0.01615 -0.01892 -0.01473 0.00287 0.00556 -0.03921 0.05630 0.03896 -0.00315 -0.01551 0.01589 -0.01764 -0.02815 0.01146 0.00289 -0.01826 0.02938 0.01979 -0.00555 -0.03647 0.03974 0.01647 0.00574 -0.00283 0.00630 0.04503 -0.01114 0.01651 0.02675 0.01291 0.01104 -0.00638 -0.00192 -0.03707 0.01679 -0.00650 -0.00617
0.01125 0.01078 0.03048 -0.00403 0.02324 0.71207 -0.01513 0.01506 0.01259 0.03963 -0.02629 -0.00040 -0.02309 -0.00351 0.01842 0.01375 -0.00670 -0.00771 0.01371 -0.02018 -0.01109 -0.02067 -0.00363 -0.01439 0.00120 0.01543 -0.02004 -0.02596 -0.00016 0.01125 0.00623 0.02897 0.03263 -0.03220 -0.00799 0.00735 -0.00264 0.02190 -0.01052 0.00254 -0.00745 -0.00108 -0.01210 0.00084 -0.00509 -0.01141 0.00454 -0.00818 -0.01841 0.02743
-0.00901 0.00134 -0.00242 0.00220 0.00354 0.01513 0.54344 -0.01771 -0.04434 -0.01858 0.01899 0.01186 0.00867 0.01115 -0.02343 -0.01022 -0.00565 0.00805 0.00508 0.00312 0.02860 0.00202 -0.00562 0.00977 -0.01230 -0.00932 0.02218 0.00848 -0.01028 -0.00092 0.00947 0.00013 -0.02640 0.00013 -0.00293 -0.03386 -0.00701 -0.01747 0.01537 0.01040 0.01535 0.01165 0.01848 -0.00241 0.01354 0.00131 -0.00992 -0.00539 -0.00048 -0.02490
-0.00150 0.00193 -0.00826 0.02436 0.03679 -0.01506 0.01771 0.60655 0.01664 0.01431 -0.00714 -0.01162 -0.00208 -0.01468 0.02239 0.02603 0.02277 -0.00406 0.01504 -0.02779 -0.01588 -0.00589 0.02829 -0.02474 -0.00517 0.00524 -0.03421 -0.03074 0.02573 0.06207 -0.00613 -0.00518 0.03468 -0.00355 -0.04860 0.03296 -0.01223 -0.02334 -0.00625 0.02841 -0.01383 -0.03246 -0.02764 -0.01714 0.00775 0.00821 0.03900 -0.04030 0.00784 0.01645
-0.00111 -0.01050 -0.02613 -0.01849 -0.00350 -0.01259 0.04434 -0.01664 0.82321 -0.03316 0.01224 -0.02422 0.01868 0.00234 -0.02258 -0.01109 0.02340 -0.02714 0.00407 0.00658 0.02521 0.01686 -0.01273 0.00637 -0.01409 -0.01354 0.00649 0.00969 0.00164 -0.00858 0.00143 -0.01427 -0.02092 0.03965 0.01019 -0.00036 0.01019 -0.04199 0.02273 -0.01884 0.00832 0.02482 -0.00163 -0.00116 0.00793 -0.01539 0.00037 -0.00357 -0.00279 -0.01353
-0.00039 -0.00663 -0.00695 -0.00605 -0.00041 -0.03963 0.01858 -0.01431 0.03316 0.28951 -0.01221 -0.01106 0.00354 -0.01035 0.01628 0.02472 0.00202 -0.01026 0.01068 -0.01880 0.00095 -0.01799 0.02195 -0.00606 -0.00237 0.02641 -0.02214 -0.01086 0.01623 0.00053 -0.00101 0.00630 0.02164 0.00448 -0.03539 0.01118 0.00638 -0.00553 -0.01021 -0.00057 -0.01130 -0.02017 -0.01514 -0.00324 0.00041 -0.01383 0.00758 0.00393 -0.02616 0.02051
0.00384 -0.05134 0.02155 -0.02945 -0.02526 0.02629 -0.01899 0.00714 -0.01224 0.01221 0.99123 -0.00519 -0.00782 -0.01126 -0.00416 -0.01425 -0.01577 0.03032 -0.02903 0.01763 0.05135 -0.01459 -0.04038 0.01773 0.02197 0.00357 0.03483 0.01213 -0.01632 -0.01958 0.02572 0.01356 -0.01740 0.01984 0.01990 -0.00226 0.00220 0.01383 0.02534 -0.00363 -0.02731 0.00988 -0.00245 0.01591 0.00816 0.00084 -0.01517 0.00065 0.00873 0.00787
0.01097 -0.00814 0.00735 -0.00380 0.00149 0.00040 -0.01186 0.01162 0.02422 0.01106 0.00519 0.34649 0.00737 -0.00947 0.01200 -0.01224 -0.01505 0.01074 0.02348 -0.01239 -0.01581 -0.01184 0.00314 -0.01231 -0.01022 0.02309 -0.00336 -0.00897 0.00095 0.01572 -0.00039 0.00878 0.02452 -0.00626 -0.03301 0.03944 0.00725 0.02213 0.00887 0.01182 0.00345 0.00255 0.00644 -0.00510 0.01095 0.00970 0.03020 -0.01619 0.00065 0.02976
0.00292 -0.02156 -0.02666 -0.00790 0.00077 0.02309 -0.00867 0.00208 -0.01868 -0.00354 0.00782 -0.00737 0.58074 -0.03405 -0.00432 -0.00793 -0.00898 0.01810 -0.00381 0.02916 0.02482 -0.00302 -0.03019 0.02084 -0.00005 -0.04198 0.00782 0.02139 -0.00661 -0.01954 -0.01326 -0.00662 -0.01821 0.02033 0.01945 0.00475 0.00513 -0.02429 0.01681 0.00456 0.01970 0.02789 -0.01400 -0.01702 -0.00893 -0.02214 -0.02066 -0.00044 0.00499 0.01014
0.00388 0.00914 0.00185 -0.00619 -0.01615 0.00351 -0.01115 0.01468 -0.00234 0.01035 0.01126 0.00947 0.03405 0.27421 -0.01220 -0.01535 -0.01518 0.01332 -0.01029 0.02661 -0.00221 0.00253 -0.01501 0.00547 0.00189 -0.02477 0.02911 0.00378 -0.00402 -0.02203 0.00257 0.00093 -0.01860 0.00942 0.02868 -0.00261 -0.02002 0.00454 -0.00447 0.00168 0.01694 0.02487 0.01383 0.00861 0.03308 0.00054 -0.01946 0.03422 0.01175 -0.01625
-0.01580 -0.01835 -0.03717 0.02692 0.01892 -0.01842 0.02343 -0.02239 0.02258 -0.01628 0.00416 -0.01200 0.00432 0.01220 0.77546 0.01649 0.03401 -0.01398 -0.00270 0.00239 0.00486 0.00209 -0.00617 -0.00941 -0.02836 -0.01038 -0.01277 -0.01788 0.02688 0.05186 -0.02206 -0.03332 -0.00206 -0.01062 0.01653 0.02934 -0.00212 -0.02218 0.00532 0.00884 0.03636 -0.02714 0.00869 -0.03299 -0.01797 -0.02712 0.00749 -0.02665 -0.00737 0.00494
-0.00776 -0.02057 -0.03591 -0.01547 0.01473 -0.01375 0.01022 -0.02603 0.01109 -0.02472 0.01425 0.01224 0.00793 0.01535 -0.01649 0.39315 0.00814 -0.00901 -0.01487 0.01859 0.01325 0.01906 -0.04878 0.00573 -0.02238 -0.01076 0.00501 0.00888 0.00144 0.00784 -0.00788 -0.00219 -0.01863 0.01779 0.02274 0.00741 0.00840 -0.03223 0.02278 0.00219 0.01806 0.00714 -0.01135 0.00281 0.01572 -0.01739 -0.00842 0.01617 -0.01556 -0.01049
-0.00727 -0.02075 -0.01294 -0.00605 -0.00287 0.00670 0.00565 -0.02277 -0.02340 -0.00202 0.01577 0.01505 0.00898 0.01518 -0.03401 -0.00814 1.04304 0.00405 -0.01840 0.00901 -0.00146 -0.00978 -0.00943 -0.00889 0.00281 -0.00379 -0.00926 -0.00711 0.00351 0.01387 0.00109 -0.01060 -0.01446 0.01713 0.02984 -0.01444 -0.01067 -0.00255 0.01485 -0.00855 0.01839 0.01297 0.00255 -0.00938 -0.00859 -0.00882 -0.01119 0.00407 0.01094 -0.01213
-0.00222 -0.00384 -0.00633 0.00964 -0.00556 0.00771 -0.00805 0.00406 0.02714 0.01026 -0.03032 -0.01074 -0.01810 -0.01332 0.01398 0.00901 -0.00405 0.77964 0.00455 -0.00047 -0.02794 0.00213 0.01761 -0.00795 -0.00676 0.01562 0.01141 -0.02168 0.01278 0.01130 -0.00516 0.02847 0.03982 -0.00769 -0.01929 0.00912 0.00810 0.03456 -0.02055 0.01008 -0.00662 0.00637 0.01602 -0.00041 -0.00170 -0.00437 0.01265 0.00906 -0.01670 0.00232
-0.01349 0.00320 -0.01982 0.03217 0.03921 -0.01371 -0.00508 -0.01504 -0.00407 -0.01068 0.02903 -0.02348 0.00381 0.01029 0.00270 0.01487 0.01840 -0.00455 1.03813 -0.04287 -0.02018 0.02969 0.02783 -0.03724 -0.02052 -0.01959 -0.01215 -0.01593 0.01458 0.01149 -0.03618 -0.03070 0.02814 -0.03424 -0.01696 0.00605 0.00484 -0.01863 -0.04281 0.00091 0.02782 -0.00322 0.01024 -0.02600 -0.02601 -0.00587 0.02947 -0.03201 -0.01199 0.01138
0.03055 0.03129 0.03953 -0.01890 -0.05630 0.02018 -0.00312 0.02779 -0.00658 0.01880 -0.01763 0.01239 -0.02916 -0.02661 -0.00239 -0.01859 -0.00901 0.00047 0.04287 0.58036 -0.01041 0.00695 0.01050 0.00197 0.01679 0.00585 -0.00271 -0.00283 -0.01856 -0.01568 -0.00999 0.02846 0.01521 -0.02743 -0.02276 0.00670 0.00305 0.02032 -0.02458 -0.00060 -0.02505 0.01131 -0.00215 0.01802 0.02723 0.01984 -0.00076 0.01459 0.01974 -0.00251
0.00844 0.01635 0.02488 -0.02421 -0.03896 0.01109 -0.02860 0.01588 -0.02521 -0.00095 -0.05135 0.01581 -0.02482 0.00221 -0.00486 -0.01325 0.00146 0.02794 0.02018 0.01041 0.73000 -0.00630 0.00153 0.02505 -0.00013 0.01885 0.01111 0.00958 -0.03076 -0.03114 0.02076 0.01041 -0.00938 0.02393 0.00566 -0.00415 -0.01121 0.01088 0.01914 0.01463 -0.03164 0.01995 0.00893 0.03882 0.03025 0.03452 0.00294 0.02205 0.01127 -0.00609
0.00696 -0.00593 0.00467 -0.00605 0.00315 0.02067 -0.00202 0.00589 -0.01686 0.01799 0.01459 0.01184 0.00302 -0.00253 -0.00209 -0.01906 0.00978 -0.00213 -0.02969 -0.00695 0.00630 0.19439 -0.02015 0.01439 0.02093 -0.01272 0.01746 0.02354 -0.01934 0.01167 0.01042 -0.00980 -0.01733 0.01390 0.02475 -0.01245 0.01396 0.01047 0.02314 -0.00242 0.01341 0.00535 0.01500 -0.01636 0.01107 0.02114 -0.02641 0.01060 0.01704 -0.00159
0.00633 -0.01847 -0.02557 0.01264 0.01551 0.00363 0.00562 -0.02829 0.01273 -0.02195 0.04038 -0.00314 0.03019 0.01501 0.00617 0.04878 0.00943 -0.01761 -0.02783 -0.01050 -0.00153 0.02015 0.56328 -0.01046 -0.01441 -0.02550 -0.04169 -0.01083 0.01478 0.00663 -0.01265 -0.00486 -0.01445 0.01747 0.00686 -0.01560 -0.00981 -0.01809 0.01548 -0.01017 0.01465 -0.03860 0.01349 0.01001 -0.00876 -0.02449 -0.00474 0.00246 -0.00250 0.00719
0.03097 0.01781 0.00459 0.01918 -0.01589 0.01439 -0.00977 0.02474 -0.00637 0.00606 -0.01773 0.01231 -0.02084 -0.00547 0.00941 -0.00573 0.00889 0.00795 0.03724 -0.00197 -0.02505 -0.01439 0.01046 0.16693 -0.00447 0.00756 0.00948 -0.02628 0.00457 -0.00043 -0.00876 0.01789 0.01635 -0.00378 -0.03835 0.02065 0.00233 -0.01078 -0.03006 -0.01330 -0.01779 0.00212 0.01699 -0.01305 -0.00018 0.02354 0.02967 0.00659 0.01994 -0.00537
-0.00568 -0.00530 0.01174 0.01291 0.01764 -0.00120 0.01230 0.00517 0.01409 0.00237 -0.02197 0.01022 0.00005 -0.00189 0.02836 0.02238 -0.00281 0.00676 0.02052 -0.01679 0.00013 -0.02093 0.01441 0.00447 0.21233 0.00450 -0.02971 -0.02552 -0.00610 0.02094 -0.00661 0.01676 0.01520 -0.00045 -0.01734 -0.01415 -0.00540 -0.00226 -0.03101 0.01170 0.00298 -0.01965 -0.02226 -0.00818 -0.02914 0.00874 0.02301 -0.01031 -0.01184 0.03372
-0.00778 0.01009 -0.02798 0.01403 0.02815 -0.01543 0.00932 -0.00524 0.01354 -0.02641 -0.00357 -0.02309 0.04198 0.02477 0.01038 0.01076 0.00379 -0.01562 0.01959 -0.00585 -0.01885 0.01272 0.02550 -0.00756 -0.00450 0.15556 -0.02031 -0.01202 0.01861 0.00669 -0.01032 0.00731 0.01551 -0.01389 -0.03051 0.02426 -0.00843 -0.02679 -0.00761 0.00708 -0.00838 -0.01721 -0.01397 0.00431 0.00437 -0.01418 0.03028 -0.01282 -0.02283 0.02304
0.01129 0.00178 0.00364 -0.00752 -0.01146 0.02004 -0.02218 0.03421 -0.00649 0.02214 -0.03483 0.00336 -0.00782 -0.02911 0.01277 -0.00501 0.00926 -0.01141 0.01215 0.00271 -0.01111 -0.01746 0.04169 -0.00948 0.02971 0.02031 0.69083 0.01647 -0.02504 0.00056 0.00556 0.00644 0.04240 -0.01463 -0.01072 0.00636 -0.01232 0.02767 -0.02153 0.00985 -0.00214 -0.00727 -0.00488 0.02770 0.01194 0.02624 0.02684 -0.00244 0.00524 0.01237
0.02588 0.02200 0.02302 -0.02432 -0.00289 0.02596 -0.00848 0.03074 -0.00969 0.01086 -0.01213 0.00897 -0.02139 -0.00378 0.01788 -0.00888 0.00711 0.02168 0.01593 0.00283 -0.00958 -0.02354 0.01083 0.02628 0.02552 0.01202 -0.01647 0.62519 -0.01030 -0.02136 0.01981 0.00063 0.02698 -0.01758 -0.03328 0.01561 0.00323 0.02168 -0.00360 0.01230 -0.04279 0.00601 0.00343 0.01041 0.01188 -0.00237 0.00127 -0.02277 -0.00524 0.02062
-0.04261 -0.02989 -0.03189 0.01270 0.01826 0.00016 0.01028 -0.02573 -0.00164 -0.01623 0.01632 -0.00095 0.00661 0.00402 -0.02688 -0.00144 -0.00351 -0.01278 -0.01458 0.01856 0.03076 0.01934 -0.01478 -0.00457 0.00610 -0.01861 0.02504 0.01030 1.05335 0.01889 -0.01818 -0.00012 -0.01957 0.02100 0.04392 -0.01543 -0.00578 -0.01625 0.00450 0.00334 0.03978 0.00040 -0.00701 -0.01589 -0.01587 -0.01547 -0.02931 -0.00858 0.00476 -0.02042
-0.04471 -0.00477 -0.03062 0.00436 -0.02938 -0.01125 0.00092 -0.06207 0.00858 -0.00053 0.01958 -0.01572 0.01954 0.02203 -0.05186 -0.00784 -0.01387 -0.01130 -0.01149 0.01568 0.03114 -0.01167 -0.00663 0.00043 -0.02094 -0.00669 -0.00056 0.02136 -0.01889 0.59823 -0.00064 0.01592 -0.03488 0.00677 0.03663 -0.02672 -0.01375 -0.01232 0.01264 -0.00756 0.00450 0.00401 0.00307 -0.01728 0.01150 -0.00302 -0.03530 0.00197 -0.01295 0.01273
0.00053 0.01585 0.00487 0.00788 -0.01979 -0.00623 -0.00947 0.00613 -0.00143 0.00101 -0.02572 0.00039 0.01326 -0.00257 0.02206 0.00788 -0.00109 0.00516 0.03618 0.00999 -0.02076 -0.01042 0.01265 0.00876 0.00661 0.01032 -0.00556 -0.01981 0.01818 0.00064 1.04368 -0.01078 0.01123 -0.00425 -0.00445 0.02003 -0.00601 -0.00668 -0.00637 0.01129 -0.03472 -0.00144 -0.01294 0.01080 -0.01786 -0.00243 0.01972 -0.00725 -0.00564 0.01764
-0.00579 0.00952 0.01103 0.02070 0.00555 -0.02897 -0.00013 0.00518 0.01427 -0.00630 -0.01356 -0.00878 0.00662 -0.00093 0.03332 0.00219 0.01060 -0.02847 0.03070 -0.02846 -0.01041 0.00980 0.00486 -0.01789 -0.01676 -0.00731 -0.00644 -0.00063 0.00012 -0.01592 0.01078 0.32107 0.01334 -0.02409 -0.01592 0.02395 0.00038 -0.00013 -0.01910 0.00288 -0.00796 -0.01315 -0.01464 -0.00201 -0.02586 -0.00118 0.02362 -0.01481 0.00048 0.01625
-0.01674 -0.01961 -0.03604 0.02017 0.03647 -0.03263 0.02640 -0.03468 0.02092 -0.02164 0.01740 -0.02452 0.01821 0.01860 0.00206 0.01863 0.01446 -0.03982 -0.02814 -0.01521 0.00938 0.01733 0.01445 -0.01635 -0.01520 -0.01551 -0.04240 -0.02698 0.01957 0.03488 -0.01123 -0.01334 0.69213 -0.00052 0.01246 0.01428 -0.01176 -0.00847 -0.04063 0.01999 0.05114 -0.02337 -0.02287 -0.03531 -0.02295 -0.03782 0.01591 -0.01079 -0.01565 0.01188
0.03310 0.01737 0.02257 -0.04853 -0.03974 0.03220 -0.00013 0.00355 -0.03965 -0.00448 -0.01984 0.00626 -0.02033 -0.00942 0.01062 -0.01779 -0.01713 0.00769 0.03424 0.02743 -0.02393 -0.01390 -0.01747 0.00378 0.00045 0.01389 0.01463 0.01758 -0.02100 -0.00677 0.00425 0.02409 0.00052 0.44522 -0.01381 -0.01177 0.01468 -0.00195 0.01324 0.00757 -0.03275 0.03325 0.01228 0.02520 0.03697 0.02979 -0.02699 0.00311 0.01810 -0.00086
0.03914 0.01280 0.01057 -0.03149 -0.01647 0.00799 0.00293 0.04860 -0.01019 0.03539 -0.01990 0.03301 -0.01945 -0.02868 -0.01653 -0.02274 -0.02984 0.01929 0.01696 0.02276 -0.00566 -0.02475 -0.00686 0.03835 0.01734 0.03051 0.01072 0.03328 -0.04392 -0.03663 0.00445 0.01592 -0.01246 0.01381 0.87945 -0.01010 0.01010 0.00041 0.01880 -0.02056 -0.04434 0.02147 0.01381 0.02877 0.02045 0.00836 -0.02901 0.03306 0.00896 0.00454
-0.01950 0.00466 -0.03979 -0.01145 -0.00574 -0.00735 0.03386 -0.03296 0.00036 -0.01118 0.00226 -0.03944 -0.00475 0.00261 -0.02934 -0.00741 0.01444 -0.00912 -0.00605 -0.00670 0.00415 0.01245 0.01560 -0.02065 0.01415 -0.02426 -0.00636 -0.01561 0.01543 0.02672 -0.02003 -0.02395 -0.01428 0.01177 0.01010 0.47944 -0.02212 -0.00544 -0.01170 0.01948 0.04082 -0.02289 -0.01210 -0.01264 -0.02598 -0.01779 0.00466 -0.00912 -0.01186 0.00723
0.00135 -0.00846 0.00792 -0.00805 0.00283 0.00264 0.00701 0.01223 -0.01019 -0.00638 -0.00220 -0.00725 -0.00513 0.02002 0.00212 -0.00840 0.01067 -0.00810 -0.00484 -0.00305 0.01121 -0.01396 0.00981 -0.00233 0.00540 0.00843 0.01232 -0.00323 0.00578 0.01375 0.00601 -0.00038 0.01176 -0.01468 -0.01010 0.02212 0.99298 -0.00393 -0.02567 0.00139 -0.00491 0.00438 -0.00568 -0.00998 0.00890 0.01106 -0.00523 0.01460 0.00573 0.01337
0.00114 0.01803 0.00797 0.00394 -0.00630 -0.02190 0.01747 0.02334 0.04199 0.00553 -0.01383 -0.02213 0.02429 -0.00454 0.02218 0.03223 0.00255 -0.03456 0.01863 -0.02032 -0.01088 -0.01047 0.01809 0.01078 0.00226 0.02679 -0.02767 -0.02168 0.01625 0.01232 0.00668 0.00013 0.00847 0.00195 -0.00041 0.00544 0.00393 0.50494 -0.02341 -0.00385 0.00231 -0.00716 -0.01985 0.00796 -0.01443 -0.00296 0.00829 -0.01231 -0.01301 0.01554
0.00774 0.01581 0.02309 -0.01782 -0.04503 0.01052 -0.01537 0.00625 -0.02273 0.01021 -0.02534 -0.00887 -0.01681 0.00447 -0.00532 -0.02278 -0.01485 0.02055 0.04281 0.02458 -0.01914 -0.02314 -0.01548 0.03006 0.03101 0.00761 0.02153 0.00360 -0.00450 -0.01264 0.00637 0.01910 0.04063 -0.01324 -0.01880 0.01170 0.02567 0.02341 0.29194 -0.01643 -0.02809 0.02624 0.01589 0.02789 0.03631 0.01120 0.00197 0.01195 0.00598 0.01927
0.00196 -0.00291 -0.00107 0.00387 0.01114 -0.00254 -0.01040 -0.02841 0.01884 0.00057 0.00363 -0.01182 -0.00456 -0.00168 -0.00884 -0.00219 0.00855 -0.01008 -0.00091 0.00060 -0.01463 0.00242 0.01017 0.01330 -0.01170 -0.00708 -0.00985 -0.01230 -0.00334 0.00756 -0.01129 -0.00288 -0.01999 -0.00757 0.02056 -0.01948 -0.00139 0.00385 0.01643 0.97333 0.00064 0.01490 -0.00907 0.00934 -0.00642 -0.01557 0.00323 0.00948 -0.00158 0.01878
0.03311 -0.04004 0.01968 -0.01817 -0.01651 0.00745 -0.01535 0.01383 -0.00832 0.01130 0.02731 -0.00345 -0.01970 -0.01694 -0.03636 -0.01806 -0.01839 0.00662 -0.02782 0.02505 0.03164 -0.01341 -0.01465 0.01779 -0.00298 0.00838 0.00214 0.04279 -0.03978 -0.00450 0.03472 0.00796 -0.05114 0.03275 0.04434 -0.04082 0.00491 -0.00231 0.02809 -0.00064 1.02509 0.02316 0.02101 0.02413 -0.00068 0.01393 -0.02105 0.02973 -0.00973 -0.02005
0.01666 0.03369 0.01993 -0.01576 -0.02675 0.00108 -0.01165 0.03246 -0.02482 0.02017 -0.00988 -0.00255 -0.02789 -0.02487 0.02714 -0.00714 -0.01297 -0.00637 0.00322 -0.01131 -0.01995 -0.00535 0.03860 -0.00212 0.01965 0.01721 0.00727 -0.00601 -0.00040 -0.00401 0.00144 0.01315 0.02337 -0.03325 -0.02147 0.02289 -0.00438 0.00716 -0.02624 -0.01490 -0.02316 0.77692 0.00067 0.00896 0.00410 0.01311 0.00771 0.00321 0.00284 0.00478
0.02278 0.00978 0.01468 -0.01619 -0.01291 0.01210 -0.01848 0.02764 0.00163 0.01514 0.00245 -0.00644 0.01400 -0.01383 -0.00869 0.01135 -0.00255 -0.01602 -0.01024 0.00215 -0.00893 -0.01500 -0.01349 -0.01699 0.02226 0.01397 0.00488 -0.00343 0.00701 -0.00307 0.01294 0.01464 0.02287 -0.01228 -0.01381 0.01210 0.00568 0.01985 -0.01589 0.00907 -0.02101 -0.00067 0.92406 0.01817 0.02038 0.01085 0.01900 -0.00278 0.01021 -0.00286
0.03903 0.02825 0.01401 0.04192 -0.01104 -0.00084 0.00241 0.01714 0.00116 0.00324 -0.01591 0.00510 0.01702 -0.00861 0.03299 -0.00281 0.00938 0.00041 0.02600 -0.01802 -0.03882 0.01636 -0.01001 0.01305 0.00818 -0.00431 -0.02770 -0.01041 0.01589 0.01728 -0.01080 0.00201 0.03531 -0.02520 -0.02877 0.01264 0.00998 -0.00796 -0.02789 -0.00934 -0.02413 -0.00896 -0.01817 0.29467 0.01030 0.00371 0.04258 -0.01079 -0.01058 -0.00416
0.02862 0.01039 0.01945 0.02446 0.00638 0.00509 -0.01354 -0.00775 -0.00793 -0.00041 -0.00816 -0.01095 0.00893 -0.03308 0.01797 -0.01572 0.00859 0.00170 0.02601 -0.02723 -0.03025 -0.01107 0.00876 0.00018 0.02914 -0.00437 -0.01194 -0.01188 0.01587 -0.01150 0.01786 0.02586 0.02295 -0.03697 -0.02045 0.02598 -0.00890 0.01443 -0.03631 0.00642 0.00068 -0.00410 -0.02038 -0.01030 0.56713 0.01691 0.04752 -0.04023 0.01461 -0.02191
0.00099 0.01354 0.01799 0.01411 0.00192 0.01141 -0.00131 -0.00821 0.01539 0.01383 -0.00084 -0.00970 0.02214 -0.00054 0.02712 0.01739 0.00882 0.00437 0.00587 -0.01984 -0.03452 -0.02114 0.02449 -0.02354 -0.00874 0.01418 -0.02624 0.00237 0.01547 0.00302 0.00243 0.00118 0.03782 -0.02979 -0.00836 0.01779 -0.01106 0.00296 -0.01120 0.01557 -0.01393 -0.01311 -0.01085 -0.00371 -0.01691 0.33065 0.01743 -0.02193 0.00612 0.01923
-0.01933 -0.01082 -0.02736 0.03353 0.03707 -0.00454 0.00992 -0.03900 -0.00037 -0.00758 0.01517 -0.03020 0.02066 0.01946 -0.00749 0.00842 0.01119 -0.01265 -0.02947 0.00076 -0.00294 0.02641 0.00474 -0.02967 -0.02301 -0.03028 -0.02684 -0.00127 0.02931 0.03530 -0.01972 -0.02362 -0.01591 0.02699 0.02901 -0.00466 0.00523 -0.00829 -0.00197 -0.00323 0.02105 -0.00771 -0.01900 -0.04258 -0.04752 -0.01743 0.78971 -0.01179 -0.02325 0.00179
0.02062 0.01985 0.01860 0.00046 -0.01679 0.00818 0.00539 0.04030 0.00357 -0.00393 -0.00065 0.01619 0.00044 -0.03422 0.02665 -0.01617 -0.00407 -0.00906 0.03201 -0.01459 -0.02205 -0.01060 -0.00246 -0.00659 0.01031 0.01282 0.00244 0.02277 0.00858 -0.00197 0.00725 0.01481 0.01079 -0.00311 -0.03306 0.00912 -0.01460 0.01231 -0.01195 -0.00948 -0.02973 -0.00321 0.00278 0.01079 0.04023 0.02193 0.01179 0.85273 0.01814 -0.00356
0.00814 0.00377 0.01978 0.01550 0.00650 0.01841 0.00048 -0.00784 0.00279 0.02616 -0.00873 -0.00065 -0.00499 -0.01175 0.00737 0.01556 -0.01094 0.01670 0.01199 -0.01974 -0.01127 -0.01704 0.00250 -0.01994 0.01184 0.02283 -0.00524 0.00524 -0.00476 0.01295 0.00564 -0.00048 0.01565 -0.01810 -0.00896 0.01186 -0.00573 0.01301 -0.00598 0.00158 0.00973 -0.00284 -0.01021 0.01058 -0.01461 -0.00612 0.02325 -0.01814 0.17640 0.02819
-0.00355 0.00825 -0.02244 -0.01029 0.00617 -0.02743 0.02490 -0.01645 0.01353 -0.02051 -0.00787 -0.02976 -0.01014 0.01625 -0.00494 0.01049 0.01213 -0.00232 -0.01138 0.00251 0.00609 0.00159 -0.00719 0.00537 -0.03372 -0.02304 -0.01237 -0.02062 0.02042 -0.01273 -0.01764 -0.01625 -0.01188 0.00086 -0.00454 -0.00723 -0.01337 -0.01554 -0.01927 -0.01878 0.02005 -0.00478 0.00286 0.00416 0.02191 -0.01923 -0.00179 0.00356 -0.02819 0.92744
