0.26362 -0.00504 0.00106 0.05127 0.05068 -0.00660 0.00199 -0.02046 0.00281 0.00353 -0.02490 -0.02629 -0.00462 -0.00929 0.00861 -0.01531 0.01595 0.01560 0.04231 -0.03861 0.01620 -0.00954 -0.02809 -0.03950 0.02264 0.00036 -0.00742 -0.01269 0.05833 0.05635 -0.01195 0.00023 0.00154 -0.02016 -0.04914 0.02135 -0.01065 0.00511 -0.01717 0.01926 -0.05319 -0.03214 -0.03668 -0.05955 -0.04573 0.01474 0.02624 -0.00275 -0.01496 0.01457
0.00504 0.67139 -0.03517 0.04080 0.02883 -0.01343 0.01394 0.01090 -0.00104 -0.00131 0.08691 0.01398 0.02519 -0.01614 0.02669 0.03192 0.00867 -0.00025 -0.02663 -0.04755 -0.05460 0.01416 0.05253 -0.01893 0.01500 -0.00759 -0.00710 -0.03758 0.01615 0.00918 -0.00360 -0.01322 0.05965 -0.04993 -0.03007 0.00979 -0.01005 -0.03139 -0.02569 0.00966 0.05070 -0.02900 0.02031 -0.03086 0.00575 -0.02059 0.02878 -0.03145 0.00347 -0.04362
-0.00106 0.03517 0.14446 0.01685 0.00741 -0.05762 0.02770 -0.00133 0.05039 -0.00184 -0.05709 -0.01595 0.04764 0.01704 0.04712 0.06101 0.02228 0.00246 0.05229 -0.03198 -0.00584 -0.02317 0.03147 0.00215 -0.05210 0.02137 -0.00423 -0.01308 0.05121 0.03108 -0.01349 -0.02290 0.02019 -0.00784 -0.01117 0.04316 -0.02294 -0.01653 -0.01101 0.04607 -0.05522 -0.03972 -0.01824 -0.01214 -0.03203 -0.03939 0.02316 -0.01370 -0.04382 0.03293
-0.05127 -0.04080 -0.01685 0.68770 0.05190 0.00800 -0.01534 -0.00752 0.01434 0.01496 0.05801 -0.00753 -0.00777 0.02537 -0.02886 -0.00025 0.01116 -0.02074 -0.04507 0.02957 0.01331 0.00917 -0.02107 -0.03416 0.00237 -0.00782 -0.01321 0.01778 -0.01450 -0.01800 -0.00826 -0.01450 -0.01630 0.05559 0.04361 0.01989 0.02111 0.00380 -0.00115 -0.03153 0.03827 0.04706 0.04025 -0.06591 -0.01745 0.00370 -0.04858 -0.00675 -0.02435 -0.00687
-0.05068 -0.02883 -0.00741 -0.05190 0.45920 -0.01193 -0.01332 -0.02986 -0.00286 0.01385 0.06527 0.00457 -0.01435 0.01412 -0.02919 -0.02106 0.00472 0.00818 -0.05558 0.06715 0.03800 -0.01602 -0.01031 0.00888 -0.00886 -0.01591 0.01161 0.00727 -0.02181 0.02665 0.03231 0.00891 -0.03705 0.04216 0.02613 -0.00483 -0.00950 0.02213 0.04771 -0.04208 0.03864 0.04990 0.03026 0.03950 0.00716 0.01314 -0.04740 0.03150 -0.00938 -0.01854
0.00660 0.01343 0.05762 -0.00800 0.01193 0.72847 -0.03928 0.01761 0.03515 0.07691 -0.03719 -0.01199 -0.02407 0.01083 0.02858 0.00020 -0.00499 -0.00045 0.02531 -0.01540 0.00028 -0.04886 -0.02176 -0.01749 0.01129 0.02386 -0.02260 -0.01523 0.00516 0.00148 0.00669 0.05157 0.02401 -0.00635 -0.00984 0.00880 -0.00629 0.05458 -0.00917 0.01471 -0.01766 -0.00956 -0.01961 -0.00263 -0.02530 0.00736 0.00208 -0.00172 -0.04340 0.04399
-0.00199 -0.01394 -0.02770 0.01534 0.01332 0.03928 0.53396 -0.02959 -0.06927 -0.04586 0.02591 0.02737 0.00810 -0.03891 -0.03734 -0.00072 -0.00865 0.02741 -0.00400 -0.02175 0.03148 0.01908 -0.00158 0.00160 -0.02963 -0.01927 0.02741 0.01078 -0.01380 0.02519 0.01432 0.00017 -0.01436 -0.04442 -0.00732 -0.04229 -0.01070 -0.06526 0.00510 0.01763 0.01770 0.00093 0.03339 0.00174 0.02536 -0.01931 0.00283 -0.00681 0.02095 -0.04300
0.02046 -0.01090 0.00133 0.00752 0.02986 -0.01761 0.02959 0.61046 0.01768 0.02420 -0.02873 -0.01611 -0.00331 -0.01950 0.01250 0.02760 0.03290 0.00493 0.04307 -0.02168 0.00752 -0.01784 0.03673 -0.01634 0.00034 0.00293 -0.01677 -0.02336 0.04173 0.08074 -0.01807 -0.01045 0.01896 0.00348 -0.04601 0.03466 -0.02360 -0.02653 0.00260 0.06693 -0.03694 -0.04383 -0.03405 -0.01681 -0.00318 0.00813 0.03630 -0.03036 0.01378 0.02238
-0.00281 0.00104 -0.05039 -0.01434 0.00286 -0.03515 0.06927 -0.01768 0.82775 -0.06321 0.01998 -0.01636 0.03635 0.00861 -0.02318 0.00684 0.02079 -0.04928 -0.00496 0.00800 0.00982 0.04247 0.00233 0.01217 -0.02883 -0.02205 0.00946 -0.00085 -0.00390 -0.00886 -0.00066 -0.03708 -0.01230 0.02804 0.01037 0.00136 0.01431 -0.06752 0.02512 -0.03998 0.02053 0.03532 -0.01412 -0.00155 0.02637 -0.03630 0.00095 -0.01638 0.02256 -0.01456
-0.00353 0.00131 0.00184 -0.01496 -0.01385 -0.07691 0.04586 -0.02420 0.06321 0.31293 -0.03459 -0.01505 0.02964 -0.00807 0.02407 0.04555 0.00379 -0.00685 0.02883 -0.01336 0.01283 -0.05025 0.02905 -0.00184 -0.02863 0.02450 -0.02032 -0.00754 0.02296 0.00591 -0.00703 -0.00375 0.01024 0.01437 -0.03960 0.01091 0.00633 -0.00395 -0.00049 0.01720 -0.02969 -0.03901 -0.02058 0.00182 -0.01086 -0.02742 0.00914 0.01112 -0.04427 0.03401
0.02490 -0.08691 0.05709 -0.05801 -0.06527 0.03719 -0.02591 0.02873 -0.01998 0.03459 0.98462 -0.01381 -0.01384 -0.02355 -0.01223 -0.02758 -0.01394 0.04202 -0.02429 0.02832 0.09127 -0.04554 -0.06413 0.03666 0.04105 0.01587 0.05670 0.04460 -0.01019 -0.01915 0.03650 0.03568 -0.02969 0.04680 0.04246 -0.00562 -0.01582 0.03105 0.05217 0.05892 -0.05848 0.00387 0.03786 0.03884 0.00961 0.01098 -0.03085 0.00998 0.00510 -0.02058
0.02629 -0.01398 0.01595 0.00753 -0.00457 0.01199 -0.02737 0.01611 0.01636 0.01505 0.01381 0.30529 -0.00033 -0.02338 0.01596 -0.03521 -0.02096 0.02359 0.01915 -0.02214 -0.00923 -0.01799 -0.02487 -0.01022 0.00505 0.02731 -0.01584 -0.00166 -0.00240 0.00217 0.01398 0.02245 0.02350 -0.00564 -0.04402 0.03773 0.00159 0.03023 0.00257 0.03938 -0.00104 -0.00293 0.03597 -0.00280 0.01592 0.02257 0.04090 -0.00091 -0.01116 0.01743
0.00462 -0.02519 -0.04764 0.00777 0.01435 0.02407 -0.00810 0.00331 -0.03635 -0.02964 0.01384 0.00033 0.59765 -0.03415 -0.00546 -0.01079 -0.01587 0.00075 -0.01967 0.02527 0.01280 0.02753 -0.03433 0.01591 0.00594 -0.05485 0.00568 0.01245 -0.01752 -0.01888 -0.01280 -0.02681 -0.00721 0.00821 0.01926 0.00675 0.01631 -0.04568 0.00680 -0.01854 0.03663 0.03607 -0.02129 -0.02527 -0.00084 -0.02503 -0.01950 -0.01136 0.02279 0.02061
0.00929 0.01614 -0.01704 -0.02537 -0.01412 -0.01083 0.03891 0.01950 -0.00861 0.00807 0.02355 0.02338 0.03415 0.21566 -0.02875 0.03040 -0.01564 0.01228 -0.01594 0.03355 -0.01617 0.00806 0.05386 0.02531 -0.03262 -0.02665 0.05637 -0.01585 -0.00440 0.00217 0.00922 -0.01508 -0.01634 -0.01658 0.03727 -0.00157 -0.02528 -0.02764 0.01380 0.00489 0.02031 0.02925 0.02897 0.01991 0.04712 -0.04877 -0.02369 0.04046 0.05462 -0.03016
-0.00861 -0.02669 -0.04712 0.02886 0.02919 -0.02858 0.03734 -0.01250 0.02318 -0.02407 0.01223 -0.01596 0.00546 0.02875 0.76707 0.02430 0.03047 -0.02435 -0.01250 0.00793 -0.01458 0.01244 0.00739 -0.00696 -0.02996 -0.01533 -0.02069 -0.03695 0.02103 0.05050 -0.02478 -0.04590 0.01502 -0.02013 0.02686 0.05595 0.00025 -0.03692 -0.00033 0.00895 0.04055 -0.01676 0.02340 -0.04260 -0.00152 -0.03234 0.00629 -0.04460 -0.00514 -0.01709
0.01531 -0.03192 -0.06101 0.00025 0.02106 -0.00020 0.00072 -0.02760 -0.00684 -0.04555 0.02758 0.03521 0.01079 -0.03040 -0.02430 0.37189 0.00295 -0.00228 -0.02700 -0.00990 0.01387 0.03261 -0.07056 -0.00040 -0.02857 -0.01559 0.02378 0.01541 -0.00569 0.02561 -0.00599 -0.00074 0.00164 -0.04019 0.00837 0.00163 0.01269 -0.04995 0.00917 -0.02139 0.02957 -0.00285 -0.00842 0.00833 0.03590 -0.03318 0.01322 0.01649 0.02208 -0.01489
-0.01595 -0.00867 -0.02228 -0.01116 -0.00472 0.00499 0.00865 -0.03290 -0.02079 -0.00379 0.01394 0.02096 0.01587 0.01564 -0.03047 -0.00295 1.05238 0.01254 -0.01680 0.00761 -0.00374 -0.00415 -0.00693 -0.00383 0.00249 -0.00839 -0.00519 -0.00954 0.00141 0.00653 -0.01626 -0.01806 -0.01621 0.01961 0.02456 -0.01865 0.00678 -0.00125 0.02213 -0.01759 0.02764 0.00553 -0.00013 -0.00756 -0.00862 -0.01596 -0.00616 0.00610 0.01184 -0.01094
-0.01560 0.00025 -0.00246 0.02074 -0.00818 0.00045 -0.02741 -0.00493 0.04928 0.00685 -0.04202 -0.02359 -0.00075 -0.01228 0.02435 0.00228 -0.01254 0.77164 -0.00191 -0.00587 -0.02460 -0.00076 -0.00201 -0.02096 -0.00048 0.01355 -0.00137 -0.01885 0.00626 0.00423 0.00161 0.02929 0.04130 0.00594 -0.02378 0.01019 0.00707 0.06065 -0.02553 0.02497 -0.01574 -0.00723 0.01221 -0.00822 -0.01725 0.01118 0.01912 -0.00110 -0.04520 -0.00230
-0.04231 0.02663 -0.05229 0.04507 0.05558 -0.02531 0.00400 -0.04307 0.00496 -0.02883 0.02429 -0.01915 0.01967 0.01594 0.01250 0.02700 0.01680 0.00191 1.04282 -0.04782 -0.03442 0.05713 0.03270 -0.03934 -0.02917 -0.04054 -0.01806 -0.03131 0.00630 0.00155 -0.05666 -0.05409 0.03151 -0.03712 -0.03035 0.00452 0.03942 -0.02780 -0.04545 -0.02086 0.04203 -0.01287 0.00553 -0.03628 -0.02474 -0.02030 0.04037 -0.03804 -0.01180 0.01724
0.03861 0.04755 0.03198 -0.02957 -0.06715 0.01540 0.02175 0.02168 -0.00800 0.01336 -0.02832 0.02214 -0.02527 -0.03355 -0.00793 0.00990 -0.00761 0.00587 0.04782 0.58156 -0.01594 0.00680 0.05560 0.03956 -0.00488 0.00452 0.01320 -0.01261 -0.01786 0.00628 -0.01817 0.01946 0.01125 -0.05491 -0.03053 0.00623 0.00347 0.00074 0.01359 0.00649 -0.02907 -0.00615 -0.01064 0.02883 0.03882 -0.00465 0.00837 0.02016 0.03212 -0.00382
-0.01620 0.05460 0.00584 -0.01331 -0.03800 -0.00028 -0.03148 -0.00752 -0.00982 -0.01283 -0.09127 0.00923 -0.01280 0.01617 0.01458 -0.01387 0.00374 0.02460 0.03442 0.01594 0.72554 0.00726 -0.02356 0.02138 -0.01896 0.00665 -0.00090 0.00890 -0.02741 -0.03964 0.01243 -0.00177 -0.03445 0.05149 0.00138 -0.00702 0.00839 0.01114 0.02338 0.02408 -0.04370 0.00705 -0.01450 0.03131 0.00994 0.02763 -0.00349 0.01932 -0.00059 0.01859
0.00954 -0.01416 0.02317 -0.00917 0.01602 0.04886 -0.01908 0.01784 -0.04247 0.05025 0.04554 0.01799 -0.02753 -0.00806 -0.01244 -0.03261 0.00415 0.00076 -0.05713 -0.00680 -0.00726 0.22882 -0.01468 0.01435 0.04536 -0.00007 0.01811 0.01469 -0.03244 0.01184 0.02248 0.01062 -0.00831 0.00514 0.02935 -0.01357 0.02052 0.02185 0.01637 -0.03631 0.04096 0.02673 0.02188 -0.01458 0.02606 0.03797 -0.02958 0.01305 0.03255 -0.01226
0.02809 -0.05253 -0.03147 0.02107 0.01031 0.02176 0.00158 -0.03673 -0.00233 -0.02905 0.06413 0.02487 0.03433 -0.05386 -0.00739 0.07056 0.00693 0.00201 -0.03270 -0.05560 0.02356 0.01468 0.53248 -0.01857 -0.03400 -0.02484 -0.02065 0.00615 0.01528 0.04490 -0.00632 0.00961 0.00683 -0.06822 -0.00785 -0.03668 -0.03205 -0.02124 0.00514 0.00459 0.01437 -0.05555 0.04312 0.02861 0.00441 -0.03958 0.01962 0.01873 0.01230 0.00046
0.03950 0.01893 -0.00215 0.03416 -0.00888 0.01749 -0.00160 0.01634 -0.01217 0.00184 -0.03666 0.01022 -0.01591 -0.02531 0.00696 0.00040 0.00383 0.02096 0.03934 -0.03956 -0.02138 -0.01435 0.01857 0.15174 -0.00617 0.00288 0.01999 -0.02869 0.00280 0.04168 -0.00646 0.01549 0.02348 -0.03075 -0.05430 0.02133 -0.00480 -0.02155 -0.04026 0.01011 -0.03174 -0.02600 0.01135 -0.02138 -0.02282 0.01277 0.05107 0.00158 0.03889 -0.00705
-0.02264 -0.01500 0.05210 -0.00237 0.00886 -0.01129 0.02963 -0.00034 0.02883 0.02863 -0.04105 -0.00505 -0.00594 0.03262 0.02996 0.02857 -0.00249 0.00048 0.02917 0.00488 0.01896 -0.04536 0.03400 0.00617 0.17713 0.01399 -0.02334 -0.02138 -0.00500 0.02389 -0.00926 0.02387 -0.00395 0.04447 -0.00661 -0.01357 -0.00224 0.01900 -0.02274 0.02553 -0.00803 -0.01911 -0.03345 -0.01085 -0.05173 0.05019 0.00589 0.00038 -0.04709 0.05607
-0.00036 0.00759 -0.02137 0.00782 0.01591 -0.02386 0.01927 -0.00293 0.02205 -0.02450 -0.01587 -0.02731 0.05485 0.02665 0.01533 0.01559 0.00839 -0.01355 0.04054 -0.00452 -0.00665 0.00007 0.02484 -0.00288 -0.01399 0.18357 -0.01705 -0.00409 0.02939 0.00873 -0.01229 0.00768 0.00923 -0.00566 -0.03205 0.02715 -0.02195 -0.02682 -0.00037 0.03945 -0.03333 -0.02585 -0.00805 0.00666 -0.00461 -0.01856 0.02974 -0.00395 -0.03032 0.02920
0.00742 0.00710 0.00423 0.01321 -0.01161 0.02260 -0.02741 0.01677 -0.00946 0.02032 -0.05670 0.01584 -0.00568 -0.05637 0.02069 -0.02378 0.00519 0.00137 0.01806 -0.01320 0.00090 -0.01811 0.02065 -0.01999 0.02334 0.01705 0.68879 0.02505 -0.02772 0.00847 0.00490 0.01239 0.03840 -0.01363 -0.02800 -0.00544 -0.00575 0.03127 -0.03288 0.02185 -0.00666 -0.03405 -0.00433 0.02815 -0.01377 0.03154 0.03592 0.01832 -0.02688 0.06800
0.01269 0.03758 0.01308 -0.01778 -0.00727 0.01523 -0.01078 0.02336 0.00085 0.00754 -0.04460 0.00166 -0.01245 0.01585 0.03695 -0.01541 0.00954 0.01885 0.03131 0.01261 -0.00890 -0.01469 -0.00615 0.02869 0.02138 0.00409 -0.02505 0.64069 -0.00240 -0.03646 0.01433 -0.00863 0.01442 0.00826 -0.03397 0.02237 0.01221 0.02296 0.00323 0.03589 -0.05923 -0.00095 -0.01030 0.00120 -0.00843 -0.00710 -0.00839 -0.02455 -0.01467 0.03814
-0.05833 -0.01615 -0.05121 0.01450 0.02181 -0.00516 0.01380 -0.04173 0.00390 -0.02296 0.01019 0.00240 0.01752 0.00440 -0.02103 0.00569 -0.00141 -0.00626 -0.00630 0.01786 0.02741 0.03244 -0.01528 -0.00280 0.00500 -0.02939 0.02772 0.00240 1.06215 0.01251 -0.03698 -0.01340 -0.02071 0.02445 0.03781 -0.01776 0.01770 -0.01730 0.00889 -0.00733 0.04791 -0.00841 -0.01386 -0.01927 -0.02039 -0.02586 -0.02288 -0.01019 0.00747 -0.01703
-0.05635 -0.00918 -0.03108 0.01800 -0.02665 -0.00148 -0.02519 -0.08074 0.00886 -0.00591 0.01915 -0.00217 0.01888 -0.00217 -0.05050 -0.02561 -0.00653 -0.00423 -0.00155 -0.00628 0.03964 -0.01184 -0.04490 -0.04168 -0.02389 -0.00873 -0.00847 0.03646 -0.01251 0.56624 -0.01382 0.02576 -0.03553 -0.00066 0.02341 -0.04142 -0.00647 0.00680 -0.01420 -0.03896 0.01380 -0.00534 0.00474 -0.01516 -0.00818 0.02095 -0.02555 0.03329 -0.03921 0.04106
0.01195 0.00360 0.01349 0.00826 -0.03231 -0.00669 -0.01432 0.01807 0.00066 0.00703 -0.03650 -0.01398 0.01280 -0.00922 0.02478 0.00599 0.01626 -0.00161 0.05666 0.01817 -0.01243 -0.02248 0.00632 0.00646 0.00926 0.01229 -0.00490 -0.01433 0.03698 0.01382 1.04030 -0.00462 0.00980 -0.00100 0.00124 0.03294 -0.03219 -0.00327 -0.00966 0.05290 -0.05972 -0.00122 -0.01772 0.01162 -0.03067 0.00091 0.01521 -0.01304 -0.00500 0.02081
-0.00023 0.01322 0.02290 0.01450 -0.00891 -0.05157 -0.00017 0.01045 0.03708 0.00375 -0.03568 -0.02245 0.02681 0.01508 0.04590 0.00074 0.01806 -0.02929 0.05409 -0.01946 0.00177 -0.01062 -0.00961 -0.01549 -0.02387 -0.00768 -0.01239 0.00863 0.01340 -0.02576 0.00462 0.35846 0.00117 -0.00256 -0.01577 0.03127 -0.00304 0.00690 -0.01397 0.02990 -0.03128 -0.02165 -0.01590 -0.00461 -0.04088 -0.00306 0.01892 -0.01228 -0.01673 0.02322
-0.00154 -0.05965 -0.02019 0.01630 0.03705 -0.02401 0.01436 -0.01896 0.01230 -0.01024 0.02969 -0.02350 0.00721 0.01634 -0.01502 -0.00164 0.01621 -0.04130 -0.03151 -0.01125 0.03445 0.00831 -0.00683 -0.02348 0.00395 -0.00923 -0.03840 -0.01442 0.02071 0.03553 -0.00980 -0.00117 0.69659 0.00595 0.03735 0.01422 -0.01600 -0.00051 -0.05307 0.02526 0.05095 -0.00925 -0.00597 -0.03406 -0.01693 -0.01919 -0.00102 -0.00979 -0.01500 0.00063
0.02016 0.04993 0.00784 -0.05559 -0.04216 0.00635 0.04442 -0.00348 -0.02804 -0.01437 -0.04680 0.00564 -0.00821 0.01658 0.02013 0.04019 -0.01961 -0.00594 0.03712 0.05491 -0.05149 -0.00514 0.06822 0.03075 -0.04447 0.00566 0.01363 -0.00826 -0.02445 0.00066 0.00100 0.00256 -0.00595 0.41650 -0.00596 -0.00081 0.02744 -0.03440 0.04532 0.03198 -0.04094 0.02803 0.00639 0.02378 0.03743 -0.01867 -0.03994 -0.01323 0.01968 -0.00170
0.04914 0.03007 0.01117 -0.04361 -0.02613 0.00984 0.00732 0.04601 -0.01037 0.03960 -0.04246 0.04402 -0.01926 -0.03727 -0.02686 -0.00837 -0.02456 0.02378 0.03035 0.03053 -0.00138 -0.02935 0.00785 0.05430 0.00661 0.03205 0.02800 0.03397 -0.03781 -0.02341 -0.00124 0.01577 -0.03735 0.00596 0.88265 -0.01790 0.02342 -0.00438 0.03890 -0.02914 -0.04951 0.01295 -0.00952 0.03965 0.01776 -0.00929 -0.03256 0.04423 0.03513 0.02344
-0.02135 -0.00979 -0.04316 -0.01989 0.00483 -0.00880 0.04229 -0.03466 -0.00136 -0.01091 0.00562 -0.03773 -0.00675 0.00157 -0.05595 -0.00163 0.01865 -0.01019 -0.00452 -0.00623 0.00702 0.01357 0.03668 -0.02133 0.01357 -0.02715 0.00544 -0.02237 0.01776 0.04142 -0.03294 -0.03127 -0.01422 0.00081 0.01790 0.48490 -0.02479 -0.01040 -0.01478 0.01834 0.04056 -0.01875 -0.01006 -0.01570 -0.01808 -0.01815 0.00100 -0.00967 -0.00708 0.00190
0.01065 0.01005 0.02294 -0.02111 0.00950 0.00629 0.01070 0.02360 -0.01431 -0.00633 0.01582 -0.00159 -0.01631 0.02528 -0.00025 -0.01269 -0.00678 -0.00707 -0.03942 -0.00347 -0.00839 -0.02052 0.03205 0.00480 0.00224 0.02195 0.00575 -0.01221 -0.01770 0.00647 0.03219 0.00304 0.01600 -0.02744 -0.02342 0.02479 0.97392 -0.00918 -0.02995 -0.06831 0.01331 0.01057 -0.01500 -0.00352 0.03225 0.02256 0.00130 0.04004 0.00301 0.02161
-0.00511 0.03139 0.01653 -0.00380 -0.02213 -0.05458 0.06526 0.02653 0.06752 0.00395 -0.03105 -0.03023 0.04568 0.02764 0.03692 0.04995 0.00125 -0.06065 0.02780 -0.00074 -0.01114 -0.02185 0.02124 0.02155 -0.01900 0.02682 -0.03127 -0.02296 0.01730 -0.00680 0.00327 -0.00690 0.00051 0.03440 0.00438 0.01040 0.00918 0.49641 -0.00830 0.00795 -0.00773 -0.00712 -0.03053 0.01013 -0.02194 -0.01713 -0.00104 -0.02090 -0.03237 0.02883
0.01717 0.02569 0.01101 0.00115 -0.04771 0.00917 -0.00510 -0.00260 -0.02512 0.00049 -0.05217 -0.00257 -0.00680 -0.01380 0.00033 -0.00917 -0.02213 0.02553 0.04545 -0.01359 -0.02338 -0.01637 -0.00514 0.04026 0.02274 0.00037 0.03288 -0.00323 -0.00889 0.01420 0.00966 0.01397 0.05307 -0.04532 -0.03890 0.01478 0.02995 0.00830 0.28902 -0.01150 -0.03763 -0.00259 -0.00640 0.02353 0.01934 -0.00598 0.02448 0.00860 0.03056 0.04715
-0.01926 -0.00966 -0.04607 0.03153 0.04208 -0.01471 -0.01763 -0.06693 0.03998 -0.01720 -0.05892 -0.03938 0.01854 -0.00489 -0.00895 0.02139 0.01759 -0.02497 0.02086 -0.00649 -0.02408 0.03631 -0.00459 -0.01011 -0.02553 -0.03945 -0.02185 -0.03589 0.00733 0.03896 -0.05290 -0.02990 -0.02526 -0.03198 0.02914 -0.01834 0.06831 -0.00795 0.01150 0.93602 -0.01305 0.00309 -0.04385 -0.01022 -0.02025 -0.05998 0.01512 -0.05513 0.03778 0.00871
0.05319 -0.05070 0.05522 -0.03827 -0.03864 0.01766 -0.01770 0.03694 -0.02053 0.02969 0.05848 0.00104 -0.03663 -0.02031 -0.04055 -0.02957 -0.02764 0.01574 -0.04203 0.02907 0.04370 -0.04096 -0.01437 0.03174 0.00803 0.03333 0.00666 0.05923 -0.04791 -0.01380 0.05972 0.03128 -0.05095 0.04094 0.04951 -0.04056 -0.01331 0.00773 0.03763 0.01305 1.01581 0.02875 0.04628 0.04094 0.01328 0.03379 -0.02784 0.04734 -0.02142 -0.03371
0.03214 0.02900 0.03972 -0.04706 -0.04990 0.00956 -0.00093 0.04383 -0.03532 0.03901 -0.00387 0.00293 -0.03607 -0.02925 0.01676 0.00285 -0.00553 0.00723 0.01287 0.00615 -0.00705 -0.02673 0.05555 0.02600 0.01911 0.02585 0.03405 0.00095 0.00841 0.00534 0.00122 0.02165 0.00925 -0.02803 -0.01295 0.01875 -0.01057 0.00712 0.00259 -0.00309 -0.02875 0.77363 0.00624 0.02911 0.01255 -0.00307 -0.00111 0.01915 0.01993 -0.00088
0.03668 -0.02031 0.01824 -0.04025 -0.03026 0.01961 -0.03339 0.03405 0.01412 0.02058 -0.03786 -0.03597 0.02129 -0.02897 -0.02340 0.00842 0.00013 -0.01221 -0.00553 0.01064 0.01450 -0.02188 -0.04312 -0.01135 0.03345 0.00805 0.00433 0.01030 0.01386 -0.00474 0.01772 0.01590 0.00597 -0.00639 0.00952 0.01006 0.01500 0.03053 0.00640 0.04385 -0.04628 -0.00624 0.89787 0.03713 0.05037 -0.00361 0.02151 -0.05455 0.03131 -0.07302
0.05955 0.03086 0.01214 0.06591 -0.03950 0.00263 -0.00174 0.01681 0.00155 -0.00182 -0.03884 0.00280 0.02527 -0.01991 0.04260 -0.00833 0.00756 0.00822 0.03628 -0.02883 -0.03131 0.01458 -0.02861 0.02138 0.01085 -0.00666 -0.02815 -0.00120 0.01927 0.01516 -0.01162 0.00461 0.03406 -0.02378 -0.03965 0.01570 0.00352 -0.01013 -0.02353 0.01022 -0.04094 -0.02911 -0.03713 0.29896 0.00795 -0.00099 0.05442 -0.01530 -0.00324 0.00606
0.04573 -0.00575 0.03203 0.01745 -0.00716 0.02530 -0.02536 0.00318 -0.02637 0.01086 -0.00961 -0.01592 0.00084 -0.04712 0.00152 -0.03590 0.00862 0.01725 0.02474 -0.03882 -0.00994 -0.02606 -0.00441 0.02282 0.05173 0.00461 0.01377 0.00843 0.02039 0.00818 0.03067 0.04088 0.01693 -0.03743 -0.01776 0.01808 -0.03225 0.02194 -0.01934 0.02025 -0.01328 -0.01255 -0.05037 -0.00795 0.54256 0.02399 0.05064 -0.04215 0.05707 -0.03228
-0.01474 0.02059 0.03939 -0.00370 -0.01314 -0.00736 0.01931 -0.00813 0.03630 0.02742 -0.01098 -0.02257 0.02503 0.04877 0.03234 0.03318 0.01596 -0.01118 0.02030 0.00465 -0.02763 -0.03797 0.03958 -0.01277 -0.05019 0.01856 -0.03154 0.00710 0.02586 -0.02095 -0.00091 0.00306 0.01919 0.01867 0.00929 0.01815 -0.02256 0.01713 0.00598 0.05998 -0.03379 0.00307 0.00361 0.00099 -0.02399 0.30413 -0.00543 -0.02255 -0.02969 0.01209
-0.02624 -0.02878 -0.02316 0.04858 0.04740 -0.00208 -0.00283 -0.03630 -0.00095 -0.00914 0.03085 -0.04090 0.01950 0.02369 -0.00629 -0.01322 0.00616 -0.01912 -0.04037 -0.00837 0.00349 0.02958 -0.01962 -0.05107 -0.00589 -0.02974 -0.03592 0.00839 0.02288 0.02555 -0.01521 -0.01892 0.00102 0.03994 0.03256 -0.00100 -0.00130 0.00104 -0.02448 -0.01512 0.02784 0.00111 -0.02151 -0.05442 -0.05064 0.00543 0.79686 -0.02240 -0.03584 0.00246
0.00275 0.03145 0.01370 0.00675 -0.03150 0.00172 0.00681 0.03036 0.01638 -0.01112 -0.00998 0.00091 0.01136 -0.04046 0.04460 -0.01649 -0.00610 0.00110 0.03804 -0.02016 -0.01932 -0.01305 -0.01873 -0.00158 -0.00038 0.00395 -0.01832 0.02455 0.01019 -0.03329 0.01304 0.01228 0.00979 0.01323 -0.04423 0.00967 -0.04004 0.02090 -0.00860 0.05513 -0.04734 -0.01915 0.05455 0.01530 0.04215 0.02255 0.02240 0.84728 -0.01959 -0.02560
0.01496 -0.00347 0.04382 0.02435 0.00938 0.04340 -0.02095 -0.01378 -0.02256 0.04427 -0.00510 0.01116 -0.02279 -0.05462 0.00514 -0.02208 -0.01184 0.04520 0.01180 -0.03212 0.00059 -0.03255 -0.01230 -0.03889 0.04709 0.03032 0.02688 0.01467 -0.00747 0.03921 0.00500 0.01673 0.01500 -0.01968 -0.03513 0.00708 -0.00301 0.03237 -0.03056 -0.03778 0.02142 -0.01993 -0.03131 0.00324 -0.05707 0.02969 0.03584 0.01959 0.14334 0.11707
-0.01457 0.04362 -0.03293 0.00687 0.01854 -0.04399 0.04300 -0.02238 0.01456 -0.03401 0.02058 -0.01743 -0.02061 0.03016 0.01709 0.01489 0.01094 0.00230 -0.01724 0.00382 -0.01859 0.01226 -0.00046 0.00705 -0.05607 -0.02920 -0.06800 -0.03814 0.01703 -0.04106 -0.02081 -0.02322 -0.00063 0.00170 -0.02344 -0.00190 -0.02161 -0.02883 -0.04715 -0.00871 0.03371 0.00088 0.07302 -0.00606 0.03228 -0.01209 -0.00246 0.02560 -0.11707 0.88612
