0.25876 -0.00324 -0.00805 0.06222 0.05902 -0.01504 0.00473 -0.02457 0.00231 -0.00010 -0.02890 -0.02300 -0.00524 -0.01012 0.01301 -0.01032 0.00906 0.00313 0.03954 -0.02294 0.00514 0.00139 -0.02906 -0.04510 0.02120 -0.00717 -0.01633 -0.02863 0.05222 0.06115 -0.01248 -0.00612 0.00681 -0.03068 -0.04983 0.03538 -0.02287 -0.00749 -0.02213 0.02652 -0.05825 -0.02031 -0.04158 -0.06971 -0.05255 0.00709 0.02105 -0.01550 -0.00708 0.01826
0.00324 0.67187 -0.03024 0.03350 0.02500 -0.00911 0.01443 0.01062 -0.00119 0.00257 0.09008 0.01279 0.02526 -0.01539 0.02034 0.02964 0.01143 0.00918 -0.02425 -0.05407 -0.04138 0.00787 0.05639 -0.01608 0.01681 -0.00461 0.00228 -0.02827 0.01906 0.00769 -0.00604 -0.01136 0.05515 -0.04260 -0.02968 0.00068 -0.00563 -0.02362 -0.02252 0.00738 0.05285 -0.03546 0.02270 -0.02744 0.00751 -0.01713 0.03216 -0.02576 0.00054 -0.04641
0.00805 0.03024 0.14972 0.02671 0.00868 -0.05824 0.01905 0.00659 0.04502 -0.01087 -0.05523 -0.01323 0.03880 0.01487 0.05167 0.05870 0.02622 -0.01643 0.05762 -0.01298 -0.01857 -0.01758 0.02592 0.00016 -0.05347 0.02346 -0.01728 -0.02488 0.05553 0.03190 -0.01480 -0.01737 0.02521 -0.01867 -0.00694 0.05350 -0.03679 -0.02961 -0.01541 0.04500 -0.05958 -0.01627 -0.01964 -0.01264 -0.03007 -0.03643 0.01168 -0.01512 -0.04108 0.03757
-0.06222 -0.03350 -0.02671 0.68518 0.06166 -0.00018 -0.00551 -0.01804 0.02194 0.01485 0.05002 -0.01088 0.00008 0.02964 -0.02969 0.00563 -0.00322 -0.01035 -0.05442 0.01314 0.01687 0.01590 -0.01441 -0.03657 0.00112 -0.01520 -0.00482 0.01256 -0.02637 -0.01531 -0.00261 -0.02458 -0.01688 0.05907 0.03599 0.01844 0.02594 0.00357 -0.00073 -0.02463 0.03620 0.02665 0.03659 -0.07986 -0.02732 -0.00352 -0.03567 -0.01628 -0.02539 -0.00795
-0.05902 -0.02500 -0.00868 -0.06166 0.46003 -0.01268 -0.00825 -0.03710 0.00114 0.01598 0.06370 0.00218 -0.01065 0.01639 -0.03175 -0.01893 0.00169 0.01825 -0.05932 0.04882 0.04450 -0.01743 -0.00468 0.01077 -0.00878 -0.01798 0.02019 0.01221 -0.02454 0.02726 0.03636 0.00548 -0.04008 0.04757 0.02229 -0.00986 -0.00037 0.02630 0.05129 -0.04084 0.03966 0.03408 0.02982 0.03776 0.00450 0.01092 -0.03768 0.03193 -0.01120 -0.02052
0.01504 0.00911 0.05824 0.00018 0.01268 0.73084 -0.04918 0.02482 0.02846 0.06770 -0.03679 -0.01010 -0.03352 0.00863 0.03293 -0.00257 -0.00248 -0.02087 0.02800 -0.00178 -0.00853 -0.04560 -0.02825 -0.01923 0.01021 0.02653 -0.03539 -0.02166 0.00742 0.00123 0.00682 0.06030 0.02773 -0.01415 -0.00670 0.01545 -0.01407 0.04406 -0.01313 0.01324 -0.02011 0.01030 -0.02008 -0.00262 -0.02323 0.01035 -0.00593 -0.00252 -0.04095 0.04757
-0.00473 -0.01443 -0.01905 0.00551 0.00825 0.04918 0.53612 -0.03077 -0.06943 -0.03787 0.03023 0.02591 0.00872 -0.04003 -0.04255 -0.00518 -0.00397 0.04675 -0.00145 -0.03270 0.04217 0.00823 0.00444 0.00522 -0.02572 -0.01372 0.03826 0.02223 -0.00980 0.02258 0.01136 0.00447 -0.01955 -0.03316 -0.00726 -0.05214 -0.00139 -0.03794 0.00992 0.01314 0.02295 -0.01219 0.03672 0.00735 0.02838 -0.01129 0.00691 0.00139 0.01649 -0.04739
0.02457 -0.01062 -0.00659 0.01804 0.03710 -0.02482 0.03077 0.60937 0.01623 0.02055 -0.03227 -0.01275 -0.00511 -0.02101 0.01648 0.03177 0.02692 -0.00700 0.04188 -0.00332 -0.00229 -0.00919 0.03499 -0.02163 -0.00095 -0.00313 -0.02543 -0.03874 0.03683 0.08591 -0.01931 -0.01525 0.02373 -0.00833 -0.04604 0.04695 -0.03537 -0.03988 -0.00229 0.07228 -0.04145 -0.02801 -0.03830 -0.02428 -0.00837 0.00178 0.02929 -0.03958 0.02060 0.02618
-0.00231 0.00119 -0.04502 -0.02194 -0.00114 -0.02846 0.06943 -0.01623 0.82806 -0.05769 0.02405 -0.01766 0.03453 0.01088 -0.02643 0.00417 0.02404 -0.04060 -0.00181 0.00349 0.01478 0.03574 0.00483 0.01627 -0.02704 -0.01844 0.01701 0.00555 -0.00071 -0.01052 -0.00372 -0.03432 -0.01546 0.03355 0.01101 -0.00191 0.01594 -0.06029 0.02807 -0.04181 0.02151 0.02916 -0.01250 0.00185 0.02862 -0.03295 0.00300 -0.01112 0.02010 -0.01672
0.00010 -0.00257 0.01087 -0.01485 -0.01598 -0.06770 0.03787 -0.02055 0.05769 0.31012 -0.03176 -0.01329 0.02317 -0.01166 0.02384 0.04250 0.00890 -0.01249 0.03168 -0.00747 0.01260 -0.05443 0.02496 -0.00171 -0.02797 0.02869 -0.02225 -0.00506 0.02713 0.00441 -0.00877 0.00628 0.01035 0.01257 -0.03702 0.00958 0.00643 -0.00229 0.00003 0.01434 -0.02740 -0.02907 -0.01835 0.00520 -0.00788 -0.02244 0.00402 0.01487 -0.04369 0.03400
0.02890 -0.09008 0.05523 -0.05002 -0.06370 0.03679 -0.03023 0.03227 -0.02405 0.03176 0.98349 -0.01035 -0.01690 -0.02618 -0.00848 -0.02891 -0.01266 0.03353 -0.02386 0.04209 0.08579 -0.04164 -0.07028 0.03370 0.04110 0.01532 0.04719 0.03863 -0.00954 -0.02029 0.03580 0.03807 -0.02611 0.03979 0.04619 0.00022 -0.01845 0.02500 0.04955 0.05810 -0.05725 0.02180 0.03877 0.03800 0.01087 0.01095 -0.04213 0.00682 0.00875 -0.01901
0.02300 -0.01279 0.01323 0.01088 -0.00218 0.01010 -0.02591 0.01275 0.01766 0.01329 0.01035 0.30543 0.00200 -0.02409 0.01766 -0.03323 -0.02382 0.02369 0.01565 -0.02449 -0.00995 -0.01527 -0.02511 -0.01329 0.00416 0.02495 -0.01668 -0.00340 -0.00546 0.00312 0.01646 0.02082 0.02514 -0.00646 -0.04629 0.03709 0.00452 0.02862 0.00145 0.04174 -0.00014 -0.00609 0.03512 -0.00512 0.01350 0.02023 0.04316 -0.00492 -0.01106 0.01758
0.00524 -0.02526 -0.03880 -0.00008 0.01065 0.03352 -0.00872 0.00511 -0.03453 -0.02317 0.01690 -0.00200 0.59516 -0.03206 -0.00826 -0.01413 -0.01270 0.01157 -0.01728 0.01748 0.01908 0.01747 -0.03193 0.01955 0.00700 -0.04696 0.01203 0.02168 -0.01483 -0.02087 -0.01427 -0.01952 -0.01022 0.01551 0.01915 0.00116 0.01981 -0.03289 0.00954 -0.02145 0.03811 0.02737 -0.01948 -0.02097 0.00267 -0.01867 -0.01594 -0.00439 0.01823 0.01832
0.01012 0.01539 -0.01487 -0.02964 -0.01639 -0.00863 0.04003 0.02101 -0.01088 0.01166 0.02618 0.02409 0.03206 0.21339 -0.03239 0.02927 -0.01346 0.01723 -0.01361 0.03403 -0.01311 0.00508 0.05596 0.02803 -0.03000 -0.02505 0.06160 -0.01399 -0.00216 0.00220 0.00637 -0.01434 -0.01916 -0.01452 0.03864 -0.00249 -0.02338 -0.02568 0.01656 0.00357 0.02209 0.02858 0.03026 0.02163 0.04832 -0.04808 -0.02447 0.04297 0.05722 -0.03245
-0.01301 -0.02034 -0.05167 0.02969 0.03175 -0.03293 0.04255 -0.01648 0.02643 -0.02384 0.00848 -0.01766 0.00826 0.03239 0.76471 0.02852 0.02580 -0.02200 -0.01451 0.00352 -0.01501 0.01530 0.01243 -0.00780 -0.03069 -0.01841 -0.01774 -0.04129 0.01715 0.05319 -0.02438 -0.05112 0.01498 -0.02009 0.01997 0.06197 -0.00273 -0.03899 -0.00127 0.01512 0.03614 -0.02462 0.02015 -0.04728 -0.00687 -0.03725 0.01310 -0.05004 -0.00453 -0.01678
0.01032 -0.02964 -0.05870 -0.00563 0.01893 0.00257 0.00518 -0.03177 -0.00417 -0.04250 0.02891 0.03323 0.01413 -0.02927 -0.02852 0.37338 0.00329 0.00971 -0.02766 -0.02368 0.02215 0.02880 -0.06338 0.00171 -0.02669 -0.01479 0.03327 0.02360 -0.00559 0.02378 -0.00634 -0.00109 -0.00248 -0.02796 0.00607 -0.00733 0.02050 -0.03911 0.01250 -0.02200 0.03274 -0.02122 -0.00689 0.01034 0.03610 -0.03118 0.02089 0.02006 0.01666 -0.01833
-0.00906 -0.01143 -0.02622 0.00322 -0.00169 0.00248 0.00397 -0.02692 -0.02404 -0.00890 0.01266 0.02382 0.01270 0.01346 -0.02580 -0.00329 1.05337 -0.00086 -0.01512 0.02364 -0.01339 0.00153 -0.01279 -0.00700 0.00195 -0.00917 -0.01600 -0.02376 0.00114 0.00706 -0.01729 -0.01688 -0.01126 0.01175 0.02746 -0.00925 -0.00038 -0.01050 0.01787 -0.01689 0.02617 0.02296 -0.00118 -0.01011 -0.00881 -0.01649 -0.01606 0.00041 0.01477 -0.00803
-0.00313 -0.00918 0.01643 0.01035 -0.01825 0.02087 -0.04675 0.00700 0.04060 0.01249 -0.03353 -0.02369 -0.01157 -0.01723 0.02200 -0.00971 0.00086 0.75558 0.00803 -0.00268 -0.01853 -0.02114 -0.00868 -0.01514 0.00196 0.02891 0.00007 -0.00422 0.01819 -0.00236 -0.00208 0.04735 0.03824 0.01207 -0.01825 0.00205 0.01163 0.08063 -0.02188 0.01304 -0.00998 0.00519 0.01933 0.00685 -0.00436 0.02938 0.01359 0.01481 -0.05158 -0.00420
-0.03954 0.02425 -0.05762 0.05442 0.05932 -0.02800 0.00145 -0.04188 0.00181 -0.03168 0.02386 -0.01565 0.01728 0.01361 0.01451 0.02766 0.01512 -0.00803 1.04051 -0.03505 -0.04054 0.06511 0.02675 -0.04206 -0.02905 -0.04436 -0.02438 -0.04011 0.00310 0.00156 -0.05969 -0.05480 0.03419 -0.04359 -0.02806 0.01029 0.03472 -0.03638 -0.04747 -0.01920 0.04227 -0.00047 0.00544 -0.03958 -0.02587 -0.02320 0.03269 -0.04509 -0.00764 0.01830
0.02294 0.05407 0.01298 -0.01314 -0.04882 0.00178 0.03270 0.00332 -0.00349 0.00747 -0.04209 0.02449 -0.01748 -0.03403 -0.00352 0.02368 -0.02364 0.00268 0.03505 0.57603 -0.02338 0.02419 0.05740 0.02513 -0.00769 -0.00839 0.00889 -0.03103 -0.03317 0.01524 -0.01505 0.00582 0.01954 -0.06597 -0.03852 0.01585 0.00201 -0.01397 0.00704 0.02047 -0.03199 -0.01753 -0.01777 0.01121 0.02160 -0.02060 0.01436 -0.00033 0.03800 -0.00188
-0.00514 0.04138 0.01857 -0.01687 -0.04450 0.00853 -0.04217 0.00229 -0.01478 -0.01260 -0.08579 0.00995 -0.01908 0.01311 0.01501 -0.02215 0.01339 0.01853 0.04054 0.02338 0.71850 -0.00213 -0.03162 0.02386 -0.01826 0.01476 -0.00614 0.02201 -0.01870 -0.04379 0.01118 0.00912 -0.03495 0.05211 0.01012 -0.01226 0.00929 0.01650 0.02408 0.01571 -0.04060 0.01961 -0.00957 0.04021 0.01871 0.03848 -0.01313 0.03009 -0.00239 0.01888
-0.00139 -0.00787 0.01758 -0.01590 0.01743 0.04560 -0.00823 0.00919 -0.03574 0.05443 0.04164 0.01527 -0.01747 -0.00508 -0.01530 -0.02880 -0.00153 0.02114 -0.06511 -0.02419 0.00213 0.23286 -0.00796 0.01495 0.04554 -0.00503 0.02940 0.02015 -0.03832 0.01235 0.02807 0.00187 -0.01107 0.01287 0.02462 -0.02056 0.03335 0.03004 0.01977 -0.03416 0.04360 0.00491 0.02160 -0.01691 0.02211 0.03286 -0.01923 0.01155 0.03017 -0.01562
0.02906 -0.05639 -0.02592 0.01441 0.00468 0.02825 -0.00444 -0.03499 -0.00483 -0.02496 0.07028 0.02511 0.03193 -0.05596 -0.01243 0.06338 0.01279 0.00868 -0.02675 -0.05740 0.03162 0.00796 0.53232 -0.01481 -0.03020 -0.02078 -0.01420 0.01475 0.02115 0.04088 -0.01212 0.01370 0.00077 -0.05860 -0.00408 -0.04461 -0.02930 -0.01002 0.00930 -0.00034 0.01807 -0.05522 0.04692 0.03416 0.00794 -0.03217 0.01825 0.02576 0.00915 -0.00254
0.04510 0.01608 -0.00016 0.03657 -0.01077 0.01923 -0.00522 0.02163 -0.01627 0.00171 -0.03370 0.01329 -0.01955 -0.02803 0.00780 -0.00171 0.00700 0.01514 0.04206 -0.02513 -0.02386 -0.01495 0.01481 0.15121 -0.00552 0.00508 0.01545 -0.02979 0.00559 0.04093 -0.00929 0.01876 0.02460 -0.03484 -0.05038 0.02426 -0.00806 -0.02336 -0.04178 0.00810 -0.03094 -0.01285 0.01294 -0.01801 -0.01765 0.01500 0.04217 0.00321 0.04131 -0.00632
-0.02120 -0.01681 0.05347 -0.00112 0.00878 -0.01021 0.02572 0.00095 0.02704 0.02797 -0.04110 -0.00416 -0.00700 0.03000 0.03069 0.02669 -0.00195 -0.00196 0.02905 0.00769 0.01826 -0.04554 0.03020 0.00552 0.17558 0.01512 -0.02511 -0.02113 -0.00489 0.02353 -0.00959 0.02603 -0.00301 0.04228 -0.00587 -0.01415 -0.00119 0.01851 -0.02290 0.02464 -0.00635 -0.01428 -0.03274 -0.00982 -0.05070 0.05312 0.00353 0.00074 -0.04648 0.05615
0.00717 0.00461 -0.02346 0.01520 0.01798 -0.02653 0.01372 0.00313 0.01844 -0.02869 -0.01532 -0.02495 0.04696 0.02505 0.01841 0.01479 0.00917 -0.02891 0.04436 0.00839 -0.01476 0.00503 0.02078 -0.00508 -0.01512 0.18822 -0.02664 -0.01202 0.03075 0.01002 -0.01467 0.00938 0.01210 -0.01452 -0.02989 0.03495 -0.03250 -0.03722 -0.00434 0.03987 -0.03745 -0.01021 -0.00960 0.00473 -0.00403 -0.01822 0.02274 -0.00717 -0.02690 0.03252
0.01633 -0.00228 0.01728 0.00482 -0.02019 0.03539 -0.03826 0.02543 -0.01701 0.02225 -0.04719 0.01668 -0.01203 -0.06160 0.01774 -0.03327 0.01600 -0.00007 0.02438 -0.00889 0.00614 -0.02940 0.01420 -0.01545 0.02511 0.02664 0.67815 0.03897 -0.01879 0.00329 0.00219 0.02468 0.03579 -0.00932 -0.02069 -0.01619 -0.00035 0.04069 -0.02927 0.01014 0.00085 -0.02143 0.00163 0.04197 -0.00264 0.04401 0.02822 0.03233 -0.03087 0.06654
0.02863 0.02827 0.02488 -0.01256 -0.01221 0.02166 -0.02223 0.03874 -0.00555 0.00506 -0.03863 0.00340 -0.02168 0.01399 0.04129 -0.02360 0.02376 0.00422 0.04011 0.03103 -0.02201 -0.02015 -0.01475 0.02979 0.02113 0.01202 -0.03897 0.64079 0.00963 -0.03932 0.01346 0.00204 0.01824 0.00118 -0.02429 0.02928 0.00165 0.02051 -0.00018 0.02912 -0.06062 0.02278 -0.00808 0.00745 -0.00007 0.00241 -0.02699 -0.01617 -0.01379 0.04157
-0.05222 -0.01906 -0.05553 0.02637 0.02454 -0.00742 0.00980 -0.03683 0.00071 -0.02713 0.00954 0.00546 0.01483 0.00216 -0.01715 0.00559 -0.00114 -0.01819 -0.00310 0.03317 0.01870 0.03832 -0.02115 -0.00559 0.00489 -0.03075 0.01879 -0.00963 1.06271 0.01297 -0.03898 -0.01297 -0.01637 0.01737 0.04078 -0.00925 0.01121 -0.02611 0.00526 -0.00634 0.04702 0.00706 -0.01462 -0.02180 -0.02102 -0.02703 -0.03198 -0.01585 0.01078 -0.01473
-0.06115 -0.00769 -0.03190 0.01531 -0.02726 -0.00123 -0.02258 -0.08591 0.01052 -0.00441 0.02029 -0.00312 0.02087 -0.00220 -0.05319 -0.02378 -0.00706 0.00236 -0.00156 -0.01524 0.04379 -0.01235 -0.04088 -0.04093 -0.02353 -0.01002 -0.00329 0.03932 -0.01297 0.56539 -0.01602 0.02410 -0.03829 0.00526 0.02175 -0.04673 -0.00359 0.01130 -0.01167 -0.03784 0.01508 -0.01592 0.00528 -0.01469 -0.00985 0.01944 -0.02094 0.03369 -0.04132 0.03901
0.01248 0.00604 0.01480 0.00261 -0.03636 -0.00682 -0.01136 0.01931 0.00372 0.00877 -0.03580 -0.01646 0.01427 -0.00637 0.02438 0.00634 0.01729 0.00208 0.05969 0.01505 -0.01118 -0.02807 0.01212 0.00929 0.00959 0.01467 -0.00219 -0.01346 0.03898 0.01602 1.03391 -0.00649 0.00826 0.00199 -0.00028 0.03593 -0.03539 -0.00097 -0.01013 0.05433 -0.06361 -0.00766 -0.01983 0.01213 -0.03188 0.00144 0.02090 -0.01020 -0.00703 0.02128
0.00612 0.01136 0.01737 0.02458 -0.00548 -0.06030 -0.00447 0.01525 0.03432 -0.00628 -0.03807 -0.02082 0.01952 0.01434 0.05112 0.00109 0.01688 -0.04735 0.05480 -0.00582 -0.00912 -0.00187 -0.01370 -0.01876 -0.02603 -0.00938 -0.02468 -0.00204 0.01297 -0.02410 0.00649 0.36304 0.00604 -0.01234 -0.01433 0.04056 -0.01334 -0.00612 -0.01926 0.03121 -0.03621 -0.00477 -0.01853 -0.00799 -0.04153 -0.00399 0.01212 -0.01727 -0.01395 0.02764
-0.00681 -0.05515 -0.02521 0.01688 0.04008 -0.02773 0.01955 -0.02373 0.01546 -0.01035 0.02611 -0.02514 0.01022 0.01916 -0.01498 0.00248 0.01126 -0.03824 -0.03419 -0.01954 0.03495 0.01107 -0.00077 -0.02460 0.00301 -0.01210 -0.03579 -0.01824 0.01637 0.03829 -0.00826 -0.00604 0.69499 0.00701 0.03133 0.01669 -0.01782 -0.00174 -0.05402 0.03023 0.04782 -0.01800 -0.00922 -0.03842 -0.02148 -0.02346 0.00759 -0.01476 -0.01548 0.00097
0.03068 0.04260 0.01867 -0.05907 -0.04757 0.01415 0.03316 0.00833 -0.03355 -0.01257 -0.03979 0.00646 -0.01551 0.01452 0.02009 0.02796 -0.01175 -0.01207 0.04359 0.06597 -0.05211 -0.01287 0.05860 0.03484 -0.04228 0.01452 0.00932 -0.00118 -0.01737 -0.00526 -0.00199 0.01234 -0.00701 0.41015 0.00253 -0.00249 0.02550 -0.02889 0.04597 0.02370 -0.03869 0.04381 0.01023 0.03056 0.04646 -0.00548 -0.05124 -0.00427 0.01890 -0.00138
0.04983 0.02968 0.00694 -0.03599 -0.02229 0.00670 0.00726 0.04604 -0.01101 0.03702 -0.04619 0.04629 -0.01915 -0.03864 -0.01997 -0.00607 -0.02746 0.01825 0.02806 0.03852 -0.01012 -0.02462 0.00408 0.05038 0.00587 0.02989 0.02069 0.02429 -0.04078 -0.02175 0.00028 0.01433 -0.03133 -0.00253 0.88296 -0.00734 0.02100 -0.01017 0.03474 -0.02639 -0.05038 0.01887 -0.01106 0.03600 0.01530 -0.01215 -0.04044 0.03857 0.03790 0.02529
-0.03538 -0.00068 -0.05350 -0.01844 0.00986 -0.01545 0.05214 -0.04695 0.00191 -0.00958 -0.00022 -0.03709 -0.00116 0.00249 -0.06197 0.00733 0.00925 -0.00205 -0.01029 -0.01585 0.01226 0.02056 0.04461 -0.02426 0.01415 -0.03495 0.01619 -0.02928 0.00925 0.04673 -0.03593 -0.04056 -0.01669 0.00249 0.00734 0.47920 -0.02171 -0.01366 -0.01188 0.03109 0.04016 -0.03416 -0.01338 -0.02498 -0.02966 -0.02875 0.01235 -0.02173 -0.00351 -0.00092
0.02287 0.00563 0.03679 -0.02594 0.00037 0.01407 0.00139 0.03537 -0.01594 -0.00643 0.01845 -0.00452 -0.01981 0.02338 0.00273 -0.02050 0.00038 -0.01163 -0.03472 -0.00201 -0.00929 -0.03335 0.02930 0.00806 0.00119 0.03250 0.00035 -0.00165 -0.01121 0.00359 0.03539 0.01334 0.01782 -0.02550 -0.02100 0.02171 0.96787 -0.00098 -0.03133 -0.07777 0.01266 0.01848 -0.01246 0.00836 0.04105 0.03486 -0.00077 0.05046 -0.00275 0.02418
0.00749 0.02362 0.02961 -0.00357 -0.02630 -0.04406 0.03794 0.03988 0.06029 0.00229 -0.02500 -0.02862 0.03289 0.02568 0.03899 0.03911 0.01050 -0.08063 0.03638 0.01397 -0.01650 -0.03004 0.01002 0.02336 -0.01851 0.03722 -0.04069 -0.02051 0.02611 -0.01130 0.00097 0.00612 0.00174 0.02889 0.01017 0.01366 0.00098 0.49580 -0.01015 0.00045 -0.00852 0.01674 -0.02813 0.01557 -0.01444 -0.00157 -0.01102 -0.01301 -0.03228 0.03169
0.02213 0.02252 0.01541 0.00073 -0.05129 0.01313 -0.00992 0.00229 -0.02807 -0.00003 -0.04955 -0.00145 -0.00954 -0.01656 0.00127 -0.01250 -0.01787 0.02188 0.04747 -0.00704 -0.02408 -0.01977 -0.00930 0.04178 0.02290 0.00434 0.02927 0.00018 -0.00526 0.01167 0.01013 0.01926 0.05402 -0.04597 -0.03474 0.01188 0.03133 0.01015 0.28621 -0.01649 -0.03539 0.00630 -0.00395 0.03025 0.02637 -0.00174 0.01852 0.01375 0.02971 0.04786
-0.02652 -0.00738 -0.04500 0.02463 0.04084 -0.01324 -0.01314 -0.07228 0.04181 -0.01434 -0.05810 -0.04174 0.02145 -0.00357 -0.01512 0.02200 0.01689 -0.01304 0.01920 -0.02047 -0.01571 0.03416 0.00034 -0.00810 -0.02464 -0.03987 -0.01014 -0.02912 0.00634 0.03784 -0.05433 -0.03121 -0.03023 -0.02370 0.02639 -0.03109 0.07777 -0.00045 0.01649 0.93639 -0.00849 -0.01300 -0.04240 -0.00833 -0.02084 -0.06019 0.02208 -0.05301 0.03449 0.00476
0.05825 -0.05285 0.05958 -0.03620 -0.03966 0.02011 -0.02295 0.04145 -0.02151 0.02740 0.05725 0.00014 -0.03811 -0.02209 -0.03614 -0.03274 -0.02617 0.00998 -0.04227 0.03199 0.04060 -0.04360 -0.01807 0.03094 0.00635 0.03745 -0.00085 0.06062 -0.04702 -0.01508 0.06361 0.03621 -0.04782 0.03869 0.05038 -0.04016 -0.01266 0.00852 0.03539 0.00849 1.01425 0.03576 0.04692 0.04418 0.01723 0.03902 -0.03051 0.04967 -0.02370 -0.03146
0.02031 0.03546 0.01627 -0.02665 -0.03408 -0.01030 0.01219 0.02801 -0.02916 0.02907 -0.02180 0.00609 -0.02737 -0.02858 0.02462 0.02122 -0.02296 -0.00519 0.00047 0.01753 -0.01961 -0.00491 0.05522 0.01285 0.01428 0.01021 0.02143 -0.02278 -0.00706 0.01592 0.00766 0.00477 0.01800 -0.04381 -0.01887 0.03416 -0.01848 -0.01674 -0.00630 0.01300 -0.03576 0.76410 -0.00309 0.00968 -0.00669 -0.02553 -0.00023 -0.00341 0.02966 0.00507
0.04158 -0.02270 0.01964 -0.03659 -0.02982 0.02008 -0.03672 0.03830 0.01250 0.01835 -0.03877 -0.03512 0.01948 -0.03026 -0.02015 0.00689 0.00118 -0.01933 -0.00544 0.01777 0.00957 -0.02160 -0.04692 -0.01294 0.03274 0.00960 -0.00163 0.00808 0.01462 -0.00528 0.01983 0.01853 0.00922 -0.01023 0.01106 0.01338 0.01246 0.02813 0.00395 0.04240 -0.04692 0.00309 0.89762 0.03792 0.05276 -0.00111 0.01629 -0.05430 0.03185 -0.07089
0.06971 0.02744 0.01264 0.07986 -0.03776 0.00262 -0.00735 0.02428 -0.00185 -0.00520 -0.03800 0.00512 0.02097 -0.02163 0.04728 -0.01034 0.01011 -0.00685 0.03958 -0.01121 -0.04021 0.01691 -0.03416 0.01801 0.00982 -0.00473 -0.04197 -0.00745 0.02180 0.01469 -0.01213 0.00799 0.03842 -0.03056 -0.03600 0.02498 -0.00836 -0.01557 -0.03025 0.00833 -0.04418 -0.00968 -0.03792 0.30177 0.01206 0.00112 0.04509 -0.01630 -0.00155 0.00997
0.05255 -0.00751 0.03007 0.02732 -0.00450 0.02323 -0.02838 0.00837 -0.02862 0.00788 -0.01087 -0.01350 -0.00267 -0.04832 0.00687 -0.03610 0.00881 0.00436 0.02587 -0.02160 -0.01871 -0.02211 -0.00794 0.01765 0.05070 0.00403 0.00264 0.00007 0.02102 0.00985 0.03188 0.04153 0.02148 -0.04646 -0.01530 0.02966 -0.04105 0.01444 -0.02637 0.02084 -0.01723 0.00669 -0.05276 -0.01206 0.54425 0.02353 0.04242 -0.04586 0.06121 -0.02742
-0.00709 0.01713 0.03643 0.00352 -0.01092 -0.01035 0.01129 -0.00178 0.03295 0.02244 -0.01095 -0.02023 0.01867 0.04808 0.03725 0.03118 0.01649 -0.02938 0.02320 0.02060 -0.03848 -0.03286 0.03217 -0.01500 -0.05312 0.01822 -0.04401 -0.00241 0.02703 -0.01944 -0.00144 0.00399 0.02346 0.00548 0.01215 0.02875 -0.03486 0.00157 0.00174 0.06019 -0.03902 0.02553 0.00111 -0.00112 -0.02353 0.30928 -0.01419 -0.02656 -0.02510 0.01690
-0.02105 -0.03216 -0.01168 0.03567 0.03768 0.00593 -0.00691 -0.02929 -0.00300 -0.00402 0.04213 -0.04316 0.01594 0.02447 -0.01310 -0.02089 0.01606 -0.01359 -0.03269 -0.01436 0.01313 0.01923 -0.01825 -0.04217 -0.00353 -0.02274 -0.02822 0.02699 0.03198 0.02094 -0.02090 -0.01212 -0.00759 0.05124 0.04044 -0.01235 0.00077 0.01102 -0.01852 -0.02208 0.03051 0.00023 -0.01629 -0.04509 -0.04242 0.01419 0.79605 -0.00857 -0.03956 -0.00022
0.01550 0.02576 0.01512 0.01628 -0.03193 0.00252 -0.00139 0.03958 0.01112 -0.01487 -0.00682 0.00492 0.00439 -0.04297 0.05004 -0.02006 -0.00041 -0.01481 0.04509 0.00033 -0.03009 -0.01155 -0.02576 -0.00321 -0.00074 0.00717 -0.03233 0.01617 0.01585 -0.03369 0.01020 0.01727 0.01476 0.00427 -0.03857 0.02173 -0.05046 0.01301 -0.01375 0.05301 -0.04967 0.00341 0.05430 0.01630 0.04586 0.02656 0.00857 0.84933 -0.01629 -0.02221
0.00708 -0.00054 0.04108 0.02539 0.01120 0.04095 -0.01649 -0.02060 -0.02010 0.04369 -0.00875 0.01106 -0.01823 -0.05722 0.00453 -0.01666 -0.01477 0.05158 0.00764 -0.03800 0.00239 -0.03017 -0.00915 -0.04131 0.04648 0.02690 0.03087 0.01379 -0.01078 0.04132 0.00703 0.01395 0.01548 -0.01890 -0.03790 0.00351 0.00275 0.03228 -0.02971 -0.03449 0.02370 -0.02966 -0.03185 0.00155 -0.06121 0.02510 0.03956 0.01629 0.14414 0.11598
-0.01826 0.04641 -0.03757 0.00795 0.02052 -0.04757 0.04739 -0.02618 0.01672 -0.03400 0.01901 -0.01758 -0.01832 0.03245 0.01678 0.01833 0.00803 0.00420 -0.01830 0.00188 -0.01888 0.01562 0.00254 0.00632 -0.05615 -0.03252 -0.06654 -0.04157 0.01473 -0.03901 -0.02128 -0.02764 -0.00097 0.00138 -0.02529 0.00092 -0.02418 -0.03169 -0.04786 -0.00476 0.03146 -0.00507 0.07089 -0.00997 0.02742 -0.01690 0.00022 0.02221 -0.11598 0.88374
