0.26385 -0.01061 -0.00039 0.06294 0.05059 -0.00712 -0.00322 -0.02195 0.00265 -0.00029 -0.02905 -0.02543 -0.00230 -0.01845 0.01485 -0.01567 0.00982 0.01224 0.03223 -0.03773 0.01437 -0.00614 -0.03918 -0.04420 0.02312 -0.00055 -0.01744 -0.01409 0.04950 0.05344 -0.00844 0.00460 0.00578 -0.02131 -0.04570 0.02012 0.00472 0.00327 -0.02055 0.01056 -0.04818 -0.03181 -0.03222 -0.05916 -0.04726 0.01404 0.02455 -0.01100 -0.01738 0.01265
0.01061 0.67574 -0.03032 0.03631 0.02507 -0.01126 0.01293 0.01925 -0.00376 0.00224 0.08998 0.01557 0.02230 -0.00826 0.02561 0.02697 0.01185 0.00154 -0.02391 -0.04564 -0.04948 0.01057 0.04922 -0.01640 0.01878 -0.00347 -0.00374 -0.03198 0.01966 0.00413 -0.00496 -0.01025 0.05853 -0.04386 -0.02897 0.01180 -0.00743 -0.02921 -0.02422 0.01008 0.05313 -0.02791 0.02277 -0.03037 0.00776 -0.01608 0.02600 -0.02634 0.00508 -0.04494
0.00039 0.03032 0.13408 0.02072 0.01575 -0.05434 0.02500 -0.00689 0.05166 -0.00271 -0.06300 -0.01919 0.04259 0.00664 0.04184 0.06428 0.01575 0.00462 0.04126 -0.03019 -0.01126 -0.01974 0.03454 0.00035 -0.05090 0.02092 -0.01167 -0.02634 0.04113 0.04005 -0.01019 -0.02203 0.01841 -0.01992 -0.00890 0.04166 -0.00521 -0.02429 -0.01283 0.02435 -0.04848 -0.04086 -0.02184 -0.01056 -0.02637 -0.04430 0.02675 -0.02227 -0.03825 0.02254
-0.06294 -0.03631 -0.02072 0.68670 0.04282 0.00621 -0.01171 -0.01512 0.01737 0.01298 0.05869 -0.00555 0.00043 0.02334 -0.02730 0.00312 0.00936 -0.01437 -0.04232 0.01759 0.02095 0.00706 -0.01860 -0.03903 -0.00082 -0.01030 -0.00267 0.02857 -0.01295 -0.01753 -0.00817 -0.01718 -0.01406 0.05996 0.03653 0.01175 0.00803 0.00981 0.00018 -0.01494 0.03482 0.03563 0.03892 -0.06572 -0.02922 0.00384 -0.04295 -0.00182 -0.03072 0.00011
-0.05059 -0.02507 -0.01575 -0.04282 0.45545 -0.01844 -0.01075 -0.02466 -0.00184 0.01044 0.06213 0.00531 -0.00997 0.02790 -0.02272 -0.02182 0.00381 0.00281 -0.05251 0.06974 0.03616 -0.00727 -0.01510 0.01031 -0.00949 -0.02015 0.01190 0.00732 -0.02118 0.01681 0.02749 0.00230 -0.03352 0.05016 0.02608 0.00086 -0.00769 0.01975 0.04666 -0.02370 0.03603 0.05095 0.03461 0.02674 0.00099 0.01058 -0.05011 0.02724 -0.00981 -0.01202
0.00712 0.01126 0.05434 -0.00621 0.01844 0.72876 -0.03907 0.01238 0.03884 0.07326 -0.04082 -0.01466 -0.02839 0.00167 0.02520 0.00433 -0.00757 -0.00049 0.02107 -0.01363 -0.00381 -0.04524 -0.01683 -0.01877 0.00902 0.02054 -0.02737 -0.02353 0.00115 0.00949 0.00754 0.04496 0.02269 -0.01611 -0.00888 0.00865 -0.00227 0.04779 -0.01073 0.00369 -0.01711 -0.00820 -0.02203 -0.00195 -0.02192 0.00253 0.00367 -0.00672 -0.03900 0.03924
0.00322 -0.01293 -0.02500 0.01171 0.01075 0.03907 0.53518 -0.01931 -0.07235 -0.04092 0.02872 0.02842 0.00382 -0.02362 -0.03615 -0.00785 -0.00561 0.02356 -0.00047 -0.01722 0.03106 0.01867 -0.00716 0.00550 -0.02288 -0.01646 0.02905 0.01305 -0.01025 0.01431 0.01278 0.00155 -0.01513 -0.03570 -0.00515 -0.03895 -0.01068 -0.06620 0.00699 0.02180 0.01849 0.00692 0.03479 0.00045 0.02646 -0.01700 -0.00160 -0.00485 0.02366 -0.04181
0.02195 -0.01925 0.00689 0.01512 0.02466 -0.01238 0.01931 0.61347 0.01492 0.02284 -0.02847 -0.01323 -0.00381 -0.03179 0.01525 0.02320 0.03023 0.00703 0.03622 -0.02070 0.01084 -0.02089 0.02220 -0.02153 0.00300 0.00735 -0.02427 -0.01680 0.03749 0.07641 -0.01395 0.00096 0.02120 0.00315 -0.04142 0.02912 -0.00835 -0.02327 0.00007 0.05326 -0.02990 -0.04267 -0.02736 -0.01186 -0.00218 0.01377 0.03308 -0.03077 0.00917 0.01765
-0.00265 0.00376 -0.05166 -0.01737 0.00184 -0.03884 0.07235 -0.01492 0.82840 -0.06185 0.02090 -0.01631 0.03762 0.01792 -0.02239 0.00687 0.02164 -0.05046 -0.00343 0.00688 0.01050 0.04273 0.00342 0.01391 -0.02849 -0.02219 0.01313 0.00029 -0.00236 -0.01162 -0.00139 -0.04129 -0.01213 0.03182 0.00933 0.00290 0.01251 -0.06743 0.02613 -0.03422 0.01980 0.03398 -0.01448 -0.00344 0.02541 -0.03776 0.00102 -0.01494 0.02354 -0.01241
0.00029 -0.00224 0.00271 -0.01298 -0.01044 -0.07326 0.04092 -0.02284 0.06185 0.30980 -0.03536 -0.01645 0.02198 -0.01054 0.02236 0.04428 0.00330 -0.01113 0.02489 -0.00835 0.00841 -0.04498 0.02749 -0.00132 -0.02641 0.02441 -0.02577 -0.01301 0.02057 0.00728 -0.00539 -0.00108 0.00906 0.00936 -0.03628 0.01232 0.01198 -0.01201 -0.00097 0.00509 -0.02686 -0.03368 -0.02129 0.00206 -0.00686 -0.02932 0.00704 0.00678 -0.03984 0.02874
0.02905 -0.08998 0.06300 -0.05869 -0.06213 0.04082 -0.02872 0.02847 -0.02090 0.03536 0.98386 -0.01549 -0.01882 -0.03227 -0.01822 -0.02858 -0.01390 0.04242 -0.02682 0.03215 0.08935 -0.04831 -0.06079 0.03591 0.04100 0.01897 0.05259 0.04125 -0.01178 -0.01062 0.03717 0.03888 -0.03168 0.03660 0.04427 -0.00721 -0.01156 0.02979 0.04996 0.04199 -0.05556 0.00915 0.03688 0.04281 0.01802 0.01479 -0.03030 0.01064 0.00807 -0.02578
0.02543 -0.01557 0.01919 0.00555 -0.00531 0.01466 -0.02842 0.01323 0.01631 0.01645 0.01549 0.30644 -0.00167 -0.03299 0.01111 -0.03418 -0.02013 0.02632 0.01902 -0.02257 -0.00830 -0.02082 -0.02226 -0.01025 0.00447 0.02900 -0.01429 -0.00130 -0.00190 0.00710 0.01353 0.02493 0.02143 -0.00987 -0.04369 0.03111 -0.00062 0.03200 0.00383 0.02911 -0.00014 -0.00325 0.03357 0.00199 0.01820 0.02402 0.04230 0.00095 -0.01209 0.01540
0.00230 -0.02230 -0.04259 -0.00043 0.00997 0.02839 -0.00382 0.00381 -0.03762 -0.02198 0.01882 0.00167 0.59495 -0.03221 -0.00798 -0.01064 -0.01127 0.00812 -0.01317 0.02275 0.01784 0.01891 -0.02870 0.01823 0.00611 -0.05035 0.01462 0.01817 -0.01131 -0.01820 -0.01450 -0.02590 -0.00890 0.01250 0.01667 0.00523 0.00692 -0.03806 0.00983 -0.01209 0.03370 0.03249 -0.02317 -0.02326 -0.00250 -0.02137 -0.01819 -0.00244 0.01986 0.02294
0.01845 0.00826 -0.00664 -0.02334 -0.02790 -0.00167 0.02362 0.03179 -0.01792 0.01054 0.03227 0.03299 0.03221 0.25365 -0.01966 0.01553 -0.00987 0.01464 -0.00837 0.03481 -0.00485 0.00017 0.02942 0.02571 -0.02587 -0.01605 0.05598 0.00175 0.00224 -0.01533 0.00560 0.00179 -0.01383 -0.00319 0.04038 -0.00614 -0.02096 -0.01519 0.01400 0.01575 0.02613 0.03413 0.04277 0.02609 0.04702 -0.03093 -0.03087 0.05168 0.03751 -0.02687
-0.01485 -0.02561 -0.04184 0.02730 0.02272 -0.02520 0.03615 -0.01525 0.02239 -0.02236 0.01822 -0.01111 0.00798 0.01966 0.77154 0.02347 0.03112 -0.01888 -0.01118 0.00018 -0.00432 0.00629 0.00664 -0.00956 -0.02940 -0.01190 -0.01321 -0.02601 0.02299 0.05049 -0.02254 -0.04007 0.01640 -0.01482 0.01834 0.04162 -0.00528 -0.02970 0.00143 0.01286 0.04219 -0.02361 0.02307 -0.03828 -0.00613 -0.02597 0.01040 -0.03578 -0.01550 -0.01467
0.01567 -0.02697 -0.06428 -0.00312 0.02182 -0.00433 0.00785 -0.02320 -0.00687 -0.04428 0.02858 0.03418 0.01064 -0.01553 -0.02347 0.37567 0.00414 -0.00579 -0.02505 -0.00726 0.01080 0.03545 -0.06528 0.00332 -0.02596 -0.01777 0.02714 0.01286 -0.00365 0.01863 -0.00638 -0.00618 0.00099 -0.03123 0.00870 0.00702 0.00776 -0.05381 0.01151 -0.01264 0.02716 -0.00005 -0.01071 0.00485 0.03473 -0.04315 0.01090 0.01565 0.02819 -0.01149
-0.00982 -0.01185 -0.01575 -0.00936 -0.00381 0.00757 0.00561 -0.03023 -0.02164 -0.00330 0.01390 0.02013 0.01127 0.00987 -0.03112 -0.00414 1.05263 0.01032 -0.01906 0.01132 -0.00641 -0.00783 -0.00572 -0.00424 0.00243 -0.00442 -0.01053 -0.01333 0.00011 0.01112 -0.01050 -0.01364 -0.01599 0.01371 0.02572 -0.01689 0.00425 -0.00261 0.02025 -0.02787 0.02627 0.01022 -0.00073 -0.00464 -0.00482 -0.01276 -0.00695 0.00703 0.01200 -0.01276
-0.01224 -0.00154 -0.00462 0.01437 -0.00281 0.00049 -0.02356 -0.00703 0.05046 0.01113 -0.04242 -0.02632 -0.00812 -0.01464 0.01888 0.00579 -0.01032 0.78329 -0.00060 -0.00036 -0.02828 0.00071 0.00633 -0.01721 -0.00112 0.01042 -0.00113 -0.02601 0.00761 0.01083 -0.00109 0.02279 0.03665 -0.00159 -0.02127 0.01149 0.00566 0.05242 -0.02349 0.01506 -0.01599 -0.00221 0.00767 -0.00685 -0.01138 0.00254 0.01804 -0.00393 -0.03481 -0.00961
-0.03223 0.02391 -0.04126 0.04232 0.05251 -0.02107 0.00047 -0.03622 0.00343 -0.02489 0.02682 -0.01902 0.01317 0.00837 0.01118 0.02505 0.01906 0.00060 1.04595 -0.04508 -0.03638 0.04807 0.03659 -0.03841 -0.02860 -0.03182 -0.02138 -0.03108 0.01079 0.00661 -0.04992 -0.04675 0.03162 -0.04351 -0.03063 0.00668 0.02895 -0.02691 -0.04651 -0.03180 0.03944 -0.00902 0.00194 -0.03123 -0.02055 -0.01399 0.04009 -0.03160 -0.01262 0.01628
0.03773 0.04564 0.03019 -0.01759 -0.06974 0.01363 0.01722 0.02070 -0.00688 0.00835 -0.03215 0.02257 -0.02275 -0.03481 -0.00018 0.00726 -0.01132 0.00036 0.04508 0.58580 -0.01889 0.01033 0.04225 0.03218 -0.00580 0.00282 0.00310 -0.01273 -0.02042 0.00006 -0.01102 0.02236 0.01841 -0.05431 -0.02868 0.00816 0.00215 -0.00019 0.00737 0.00782 -0.03176 -0.00351 -0.00627 0.02643 0.03399 -0.00301 0.00590 0.01522 0.02730 0.00137
-0.01437 0.04948 0.01126 -0.02095 -0.03616 0.00381 -0.03106 -0.01084 -0.01050 -0.00841 -0.08935 0.00830 -0.01784 0.00485 0.00432 -0.01080 0.00641 0.02828 0.03638 0.01889 0.72937 0.00080 -0.01207 0.02336 -0.01945 0.00847 0.00174 0.00298 -0.02524 -0.03060 0.01084 -0.00050 -0.04180 0.04194 0.00201 -0.01024 0.00240 0.01078 0.02515 0.01294 -0.04449 0.00910 -0.01993 0.03677 0.01462 0.02672 -0.00175 0.02185 0.00245 0.01318
0.00614 -0.01057 0.01974 -0.00706 0.00727 0.04524 -0.01867 0.02089 -0.04273 0.04498 0.04831 0.02082 -0.01891 -0.00017 -0.00629 -0.03545 0.00783 -0.00071 -0.04807 -0.01033 -0.00080 0.22589 -0.02050 0.01369 0.04374 -0.00139 0.02333 0.02655 -0.02570 0.00354 0.01776 0.01092 -0.00546 0.01551 0.02701 -0.01457 0.00906 0.03049 0.01680 -0.01552 0.03620 0.02576 0.02737 -0.01653 0.01865 0.04247 -0.03100 0.01816 0.02471 -0.00170
0.03918 -0.04922 -0.03454 0.01860 0.01510 0.01683 0.00716 -0.02220 -0.00342 -0.02749 0.06079 0.02226 0.02870 -0.02942 -0.00664 0.06528 0.00572 -0.00633 -0.03659 -0.04225 0.01207 0.02050 0.54797 -0.01199 -0.02678 -0.02493 -0.02512 -0.00316 0.01251 0.03030 -0.00406 0.00453 0.00639 -0.06157 -0.00240 -0.02184 -0.01918 -0.03546 0.00536 -0.00000 0.01616 -0.04573 0.04179 0.02226 0.00954 -0.04874 0.01314 0.01350 0.02978 -0.00288
0.04420 0.01640 -0.00035 0.03903 -0.01031 0.01877 -0.00550 0.02153 -0.01391 0.00132 -0.03591 0.01025 -0.01823 -0.02571 0.00956 -0.00332 0.00424 0.01721 0.03841 -0.03218 -0.02336 -0.01369 0.01199 0.15024 -0.00425 0.00453 0.01367 -0.02855 0.00247 0.03713 -0.00526 0.01934 0.02461 -0.03106 -0.05017 0.02379 -0.00196 -0.02212 -0.04343 0.00376 -0.03006 -0.01932 0.01422 -0.02031 -0.01787 0.01516 0.04594 -0.00048 0.03926 -0.00811
-0.02312 -0.01878 0.05090 0.00082 0.00949 -0.00902 0.02288 -0.00300 0.02849 0.02641 -0.04100 -0.00447 -0.00611 0.02587 0.02940 0.02596 -0.00243 0.00112 0.02860 0.00580 0.01945 -0.04374 0.02678 0.00425 0.18089 0.01292 -0.02666 -0.02110 -0.00512 0.02531 -0.00828 0.02598 -0.00430 0.04100 -0.00498 -0.01547 -0.00195 0.01937 -0.02372 0.01881 -0.00741 -0.01791 -0.03211 -0.01024 -0.05144 0.05172 0.00537 -0.00068 -0.04847 0.05367
0.00055 0.00347 -0.02092 0.01030 0.02015 -0.02054 0.01646 -0.00735 0.02219 -0.02441 -0.01897 -0.02900 0.05035 0.01605 0.01190 0.01777 0.00442 -0.01042 0.03182 -0.00282 -0.00847 0.00139 0.02493 -0.00453 -0.01292 0.17459 -0.02157 -0.00953 0.02306 0.01450 -0.00954 0.01041 0.00803 -0.01332 -0.03003 0.02542 -0.01114 -0.03089 -0.00150 0.02349 -0.02731 -0.02642 -0.00972 0.00864 -0.00036 -0.02154 0.03084 -0.00939 -0.02591 0.02119
0.01744 0.00374 0.01167 0.00267 -0.01190 0.02737 -0.02905 0.02427 -0.01313 0.02577 -0.05259 0.01429 -0.01462 -0.05598 0.01321 -0.02714 0.01053 0.00113 0.02138 -0.00310 -0.00174 -0.02333 0.02512 -0.01367 0.02666 0.02157 0.69010 0.02249 -0.02340 0.01054 0.00246 0.01523 0.03373 -0.01797 -0.02406 -0.00003 -0.00883 0.02960 -0.03108 0.00800 -0.00701 -0.02470 -0.00606 0.03198 -0.00451 0.03447 0.03201 0.02210 -0.01927 0.06179
0.01409 0.03198 0.02634 -0.02857 -0.00732 0.02353 -0.01305 0.01680 -0.00029 0.01301 -0.04125 0.00130 -0.01817 -0.00175 0.02601 -0.01286 0.01333 0.02601 0.03108 0.01273 -0.00298 -0.02655 0.00316 0.02855 0.02110 0.00953 -0.02249 0.63875 -0.00159 -0.02309 0.01263 -0.00219 0.00845 -0.00372 -0.03457 0.01356 0.01270 0.02605 0.00401 0.01854 -0.05698 -0.00191 -0.01482 0.01136 -0.00197 -0.00344 -0.00225 -0.01762 -0.01398 0.03059
-0.04950 -0.01966 -0.04113 0.01295 0.02118 -0.00115 0.01025 -0.03749 0.00236 -0.02057 0.01178 0.00190 0.01131 -0.00224 -0.02299 0.00365 -0.00011 -0.00761 -0.01079 0.02042 0.02524 0.02570 -0.01251 -0.00247 0.00512 -0.02306 0.02340 0.00159 1.06186 0.01731 -0.03130 -0.00704 -0.02104 0.01745 0.03848 -0.01679 0.01381 -0.01735 0.00737 -0.01984 0.04710 -0.00393 -0.01524 -0.01468 -0.01475 -0.02064 -0.02343 -0.00612 0.00753 -0.01919
-0.05344 -0.00413 -0.04005 0.01753 -0.01681 -0.00949 -0.01431 -0.07641 0.01162 -0.00728 0.01062 -0.00710 0.01820 0.01533 -0.05049 -0.01863 -0.01112 -0.01083 -0.00661 -0.00006 0.03060 -0.00354 -0.03030 -0.03713 -0.02531 -0.01450 -0.01054 0.02309 -0.01731 0.58228 -0.00933 0.01453 -0.03531 -0.00274 0.02358 -0.02923 -0.00511 -0.00689 -0.01444 -0.03647 0.00996 -0.00217 -0.00279 -0.02433 -0.00791 0.00594 -0.02556 0.02454 -0.02571 0.04142
0.00844 0.00496 0.01019 0.00817 -0.02749 -0.00754 -0.01278 0.01395 0.00139 0.00539 -0.03717 -0.01353 0.01450 -0.00560 0.02254 0.00638 0.01050 0.00109 0.04992 0.01102 -0.01084 -0.01776 0.00406 0.00526 0.00828 0.00954 -0.00246 -0.01263 0.03130 0.00933 1.04838 -0.00698 0.00910 0.00075 0.00071 0.02655 -0.01689 -0.00321 -0.00901 0.05116 -0.05313 -0.00539 -0.01718 0.00945 -0.02908 -0.00166 0.01695 -0.01512 -0.00363 0.01973
-0.00460 0.01025 0.02203 0.01718 -0.00230 -0.04496 -0.00155 -0.00096 0.04129 0.00108 -0.03888 -0.02493 0.02590 -0.00179 0.04007 0.00618 0.01364 -0.02279 0.04675 -0.02236 0.00050 -0.01092 -0.00453 -0.01934 -0.02598 -0.01041 -0.01523 0.00219 0.00704 -0.01453 0.00698 0.35128 -0.00041 -0.01435 -0.01629 0.02576 0.00362 0.00533 -0.01527 0.01429 -0.02745 -0.02609 -0.02030 -0.00131 -0.03793 -0.00660 0.02416 -0.01665 -0.01460 0.01659
-0.00578 -0.05853 -0.01841 0.01406 0.03352 -0.02269 0.01513 -0.02120 0.01213 -0.00906 0.03168 -0.02143 0.00890 0.01383 -0.01640 -0.00099 0.01599 -0.03665 -0.03162 -0.01841 0.04180 0.00546 -0.00639 -0.02461 0.00430 -0.00803 -0.03373 -0.00845 0.02104 0.03531 -0.00910 0.00041 0.69785 0.01140 0.03348 0.00773 -0.01547 0.00304 -0.05118 0.02651 0.05326 -0.01480 -0.00626 -0.03260 -0.01927 -0.01750 0.00266 -0.00501 -0.01752 0.00029
0.02131 0.04386 0.01992 -0.05996 -0.05016 0.01611 0.03570 -0.00315 -0.03182 -0.00936 -0.03660 0.00987 -0.01250 0.00319 0.01482 0.03123 -0.01371 0.00159 0.04351 0.05431 -0.04194 -0.01551 0.06157 0.03106 -0.04100 0.01332 0.01797 0.00372 -0.01745 0.00274 -0.00075 0.01435 -0.01140 0.42525 -0.00482 -0.01098 0.01738 -0.02188 0.04786 0.02445 -0.04002 0.02928 0.00902 0.03178 0.04071 -0.00290 -0.04201 -0.00229 0.01269 -0.00501
0.04570 0.02897 0.00890 -0.03653 -0.02608 0.00888 0.00515 0.04142 -0.00933 0.03628 -0.04427 0.04369 -0.01667 -0.04038 -0.01834 -0.00870 -0.02572 0.02127 0.03063 0.02868 -0.00201 -0.02701 0.00240 0.05017 0.00498 0.03003 0.02406 0.03457 -0.03848 -0.02358 -0.00071 0.01629 -0.03348 0.00482 0.88536 -0.01965 0.02026 -0.00376 0.03634 -0.02316 -0.05281 0.01351 -0.00698 0.03918 0.01374 -0.00836 -0.03215 0.04148 0.03075 0.02769
-0.02012 -0.01180 -0.04166 -0.01175 -0.00086 -0.00865 0.03895 -0.02912 -0.00290 -0.01232 0.00721 -0.03111 -0.00523 0.00614 -0.04162 -0.00702 0.01689 -0.01149 -0.00668 -0.00816 0.01024 0.01457 0.02184 -0.02379 0.01547 -0.02542 0.00003 -0.01356 0.01679 0.02923 -0.02655 -0.02576 -0.00773 0.01098 0.01965 0.49052 -0.02003 -0.00853 -0.01674 0.02149 0.04519 -0.01962 -0.00345 -0.01731 -0.02195 -0.01383 -0.00423 -0.00809 -0.01307 0.00453
-0.00472 0.00743 0.00521 -0.00803 0.00769 0.00227 0.01068 0.00835 -0.01251 -0.01198 0.01156 0.00062 -0.00692 0.02096 0.00528 -0.00776 -0.00425 -0.00566 -0.02895 -0.00215 -0.00240 -0.00906 0.01918 0.00196 0.00195 0.01114 0.00883 -0.01270 -0.01381 0.00511 0.01689 -0.00362 0.01547 -0.01738 -0.02026 0.02003 0.99189 -0.00893 -0.02648 -0.04114 0.01115 0.00646 -0.00874 -0.00790 0.01746 0.01369 0.00005 0.03144 -0.00149 0.02391
-0.00327 0.02921 0.02429 -0.00981 -0.01975 -0.04779 0.06620 0.02327 0.06743 0.01201 -0.02979 -0.03200 0.03806 0.01519 0.02970 0.05381 0.00261 -0.05242 0.02691 0.00019 -0.01078 -0.03049 0.03546 0.02212 -0.01937 0.03089 -0.02960 -0.02605 0.01735 0.00689 0.00321 -0.00533 -0.00304 0.02188 0.00376 0.00853 0.00893 0.49801 -0.00787 -0.00709 -0.00660 -0.00773 -0.03495 0.01416 -0.01648 -0.01657 0.00150 -0.01766 -0.02837 0.02141
0.02055 0.02422 0.01283 -0.00018 -0.04666 0.01073 -0.00699 -0.00007 -0.02613 0.00097 -0.04996 -0.00383 -0.00983 -0.01400 -0.00143 -0.01151 -0.02025 0.02349 0.04651 -0.00737 -0.02515 -0.01680 -0.00536 0.04343 0.02372 0.00150 0.03108 -0.00401 -0.00737 0.01444 0.00901 0.01527 0.05118 -0.04786 -0.03634 0.01674 0.02648 0.00787 0.28746 -0.01644 -0.03864 0.00307 -0.00672 0.02489 0.02495 -0.00441 0.02153 0.00914 0.03234 0.04607
-0.01056 -0.01008 -0.02435 0.01494 0.02370 -0.00369 -0.02180 -0.05326 0.03422 -0.00509 -0.04199 -0.02911 0.01209 -0.01575 -0.01286 0.01264 0.02787 -0.01506 0.03180 -0.00782 -0.01294 0.01552 0.00000 -0.00376 -0.01881 -0.02349 -0.00800 -0.01854 0.01984 0.03647 -0.05116 -0.01429 -0.02651 -0.02445 0.02316 -0.02149 0.04114 0.00709 0.01644 0.94936 -0.01793 0.00236 -0.04558 0.00485 -0.01735 -0.04050 0.01451 -0.03208 0.02697 0.01132
0.04818 -0.05313 0.04848 -0.03482 -0.03603 0.01711 -0.01849 0.02990 -0.01980 0.02686 0.05556 0.00014 -0.03370 -0.02613 -0.04219 -0.02716 -0.02627 0.01599 -0.03944 0.03176 0.04449 -0.03620 -0.01616 0.03006 0.00741 0.02731 0.00701 0.05698 -0.04710 -0.00996 0.05313 0.02745 -0.05326 0.04002 0.05281 -0.04519 -0.01115 0.00660 0.03864 0.01793 1.01982 0.02991 0.04870 0.04037 0.00980 0.02915 -0.02924 0.04346 -0.02112 -0.03535
0.03181 0.02791 0.04086 -0.03563 -0.05095 0.00820 -0.00692 0.04267 -0.03398 0.03368 -0.00915 0.00325 -0.03249 -0.03413 0.02361 0.00005 -0.01022 0.00221 0.00902 0.00351 -0.00910 -0.02576 0.04573 0.01932 0.01791 0.02642 0.02470 0.00191 0.00393 0.00217 0.00539 0.02609 0.01480 -0.02928 -0.01351 0.01962 -0.00646 0.00773 -0.00307 -0.00236 -0.02991 0.77937 0.01067 0.02831 0.00884 0.00313 -0.00038 0.01593 0.01331 0.00419
0.03222 -0.02277 0.02184 -0.03892 -0.03461 0.02203 -0.03479 0.02736 0.01448 0.02129 -0.03688 -0.03357 0.02317 -0.04277 -0.02307 0.01071 0.00073 -0.00767 -0.00194 0.00627 0.01993 -0.02737 -0.04179 -0.01422 0.03211 0.00972 0.00606 0.01482 0.01524 0.00279 0.01718 0.02030 0.00626 -0.00902 0.00698 0.00345 0.00874 0.03495 0.00672 0.04558 -0.04870 -0.01067 0.90790 0.04291 0.04548 0.00022 0.02517 -0.04828 0.02293 -0.07161
0.05916 0.03037 0.01056 0.06572 -0.02674 0.00195 -0.00045 0.01186 0.00344 -0.00206 -0.04281 -0.00199 0.02326 -0.02609 0.03828 -0.00485 0.00464 0.00685 0.03123 -0.02643 -0.03677 0.01653 -0.02226 0.02031 0.01024 -0.00864 -0.03198 -0.01136 0.01468 0.02433 -0.00945 0.00131 0.03260 -0.03178 -0.03918 0.01731 0.00790 -0.01416 -0.02489 -0.00485 -0.04037 -0.02831 -0.04291 0.30154 0.01376 -0.00476 0.05712 -0.02166 0.00187 0.00130
0.04726 -0.00776 0.02637 0.02922 -0.00099 0.02192 -0.02646 0.00218 -0.02541 0.00686 -0.01802 -0.01820 0.00250 -0.04702 0.00613 -0.03473 0.00482 0.01138 0.02055 -0.03399 -0.01462 -0.01865 -0.00954 0.01787 0.05144 0.00036 0.00451 0.00197 0.01475 0.00791 0.02908 0.03793 0.01927 -0.04071 -0.01374 0.02195 -0.01746 0.01648 -0.02495 0.01735 -0.00980 -0.00884 -0.04548 -0.01376 0.54237 0.01964 0.04862 -0.05270 0.06062 -0.03502
-0.01404 0.01608 0.04430 -0.00384 -0.01058 -0.00253 0.01700 -0.01377 0.03776 0.02932 -0.01479 -0.02402 0.02137 0.03093 0.02597 0.04315 0.01276 -0.00254 0.01399 0.00301 -0.02672 -0.04247 0.04874 -0.01516 -0.05172 0.02154 -0.03447 0.00344 0.02064 -0.00594 0.00166 0.00660 0.01750 0.00290 0.00836 0.01383 -0.01369 0.01657 0.00441 0.04050 -0.02915 -0.00313 -0.00022 0.00476 -0.01964 0.29898 -0.00029 -0.02356 -0.02775 0.00194
-0.02455 -0.02600 -0.02675 0.04295 0.05011 -0.00367 0.00160 -0.03308 -0.00102 -0.00704 0.03030 -0.04230 0.01819 0.03087 -0.01040 -0.01090 0.00695 -0.01804 -0.04009 -0.00590 0.00175 0.03100 -0.01314 -0.04594 -0.00537 -0.03084 -0.03201 0.00225 0.02343 0.02556 -0.01695 -0.02416 -0.00266 0.04201 0.03215 0.00423 -0.00005 -0.00150 -0.02153 -0.01451 0.02924 0.00038 -0.02517 -0.05712 -0.04862 0.00029 0.80149 -0.02443 -0.03042 -0.00014
0.01100 0.02634 0.02227 0.00182 -0.02724 0.00672 0.00485 0.03077 0.01494 -0.00678 -0.01064 -0.00095 0.00244 -0.05168 0.03578 -0.01565 -0.00703 0.00393 0.03160 -0.01522 -0.02185 -0.01816 -0.01350 0.00048 0.00068 0.00939 -0.02210 0.01762 0.00612 -0.02454 0.01512 0.01665 0.00501 0.00229 -0.04148 0.00809 -0.03144 0.01766 -0.00914 0.03208 -0.04346 -0.01593 0.04828 0.02166 0.05270 0.02356 0.02443 0.84741 -0.01314 -0.03429
0.01738 -0.00508 0.03825 0.03072 0.00981 0.03900 -0.02366 -0.00917 -0.02354 0.03984 -0.00807 0.01209 -0.01986 -0.03751 0.01550 -0.02819 -0.01200 0.03481 0.01262 -0.02730 -0.00245 -0.02471 -0.02978 -0.03926 0.04847 0.02591 0.01927 0.01398 -0.00753 0.02571 0.00363 0.01460 0.01752 -0.01269 -0.03075 0.01307 0.00149 0.02837 -0.03234 -0.02697 0.02112 -0.01331 -0.02293 -0.00187 -0.06062 0.02775 0.03042 0.01314 0.14210 0.12086
-0.01265 0.04494 -0.02254 -0.00011 0.01202 -0.03924 0.04181 -0.01765 0.01241 -0.02874 0.02578 -0.01540 -0.02294 0.02687 0.01467 0.01149 0.01276 0.00961 -0.01628 -0.00137 -0.01318 0.00170 0.00288 0.00811 -0.05367 -0.02119 -0.06179 -0.03059 0.01919 -0.04142 -0.01973 -0.01659 -0.00029 0.00501 -0.02769 -0.00453 -0.02391 -0.02141 -0.04607 -0.01132 0.03535 -0.00419 0.07161 -0.00130 0.03502 -0.00194 0.00014 0.03429 -0.12086 0.89391
