0.23696 0.02758 0.00347 0.07551 0.03765 -0.03632 -0.01033 -0.01385 0.00344 -0.00414 -0.02958 -0.04340 -0.00086 0.01036 0.00041 0.01063 0.02136 -0.00912 0.04289 -0.05532 0.02134 0.01923 0.00586 -0.04707 0.02044 0.02562 -0.01840 -0.05163 0.06750 0.05038 0.00896 -0.04060 0.01307 -0.02207 -0.06295 0.02989 -0.03871 0.00862 0.00242 0.03845 -0.07439 -0.05368 -0.06581 -0.09032 -0.07725 0.03053 0.03101 -0.01352 0.03333 0.02120
-0.02758 0.64970 -0.05741 0.04465 0.06276 0.03370 0.05054 0.00082 -0.00546 -0.03126 0.09586 -0.00989 0.07667 -0.02475 0.07129 0.09252 0.00545 0.00296 -0.03567 -0.05464 -0.08850 0.02308 0.02580 -0.00242 -0.03009 -0.01000 -0.04222 -0.03737 0.00690 0.02943 0.00926 -0.01192 0.03273 -0.03696 0.00409 0.04986 -0.00621 -0.03056 -0.02340 0.05386 0.04751 -0.07547 -0.02371 -0.04609 0.00824 -0.04324 0.01450 0.00259 -0.00414 -0.02573
-0.00347 0.05741 0.15164 0.00563 0.02146 -0.05948 0.05844 -0.01174 0.07445 0.03839 -0.07162 -0.01163 0.05274 0.03931 0.06047 0.07156 0.05219 0.00436 0.05667 -0.03734 -0.03669 -0.02093 0.03938 -0.01484 -0.06277 0.00154 -0.00226 -0.00300 0.07731 0.04921 0.01552 -0.01322 0.01750 -0.03405 -0.00803 0.06756 -0.05913 -0.03825 -0.05796 0.04953 -0.07752 -0.03593 -0.02664 -0.00843 -0.00902 -0.04578 0.04437 -0.03839 -0.05960 0.06085
-0.07551 -0.04465 -0.00563 0.66603 0.04299 -0.00008 -0.01147 -0.01535 0.01750 0.05956 0.06674 0.04349 -0.01618 0.04428 -0.03028 0.01743 -0.00186 -0.01685 -0.05690 0.04001 0.00754 0.06909 -0.01340 -0.08673 0.04753 -0.00684 -0.02383 0.01514 -0.03507 -0.01250 -0.02021 -0.01377 -0.03993 0.03547 0.07322 0.02974 0.03133 -0.03270 -0.02574 -0.02196 0.04901 0.04657 0.05547 -0.06946 -0.03128 0.01926 -0.04797 -0.01479 0.03391 -0.00395
-0.03765 -0.06276 -0.02146 -0.04299 0.42133 -0.01943 -0.04359 -0.03203 0.01191 -0.01568 0.05174 -0.03213 -0.03579 0.00948 -0.05976 -0.04607 0.01102 -0.00182 -0.05915 0.03862 0.07513 -0.04500 0.01759 0.04828 -0.01919 -0.00722 0.05268 -0.00810 -0.02148 0.04272 0.04060 -0.00378 -0.01077 0.07147 -0.00694 -0.03481 -0.00996 0.03586 0.14925 -0.08209 0.04339 0.05725 0.05297 0.02558 -0.00576 0.01916 -0.05695 0.01070 -0.00594 -0.02864
0.03632 -0.03370 0.05948 0.00008 0.01943 0.64229 -0.07474 0.03443 0.02591 0.05494 -0.03811 -0.03111 -0.05034 0.01085 0.01644 -0.01277 -0.00107 -0.03789 0.03102 -0.02696 -0.00744 -0.08252 -0.00778 -0.01546 -0.00151 0.03741 -0.00054 -0.03073 0.01406 0.02501 0.00742 0.06235 0.08058 0.01099 -0.03904 0.00458 -0.01798 0.03220 0.04815 -0.01531 -0.03497 0.03744 0.00241 0.00095 -0.02655 0.02505 -0.01284 -0.01917 -0.04999 0.06413
0.01033 -0.05054 -0.05844 0.01147 0.04359 0.07474 0.43877 -0.02876 -0.07602 -0.09433 0.03325 -0.02009 0.03459 -0.07172 -0.05376 -0.00455 -0.01477 0.03378 0.00104 -0.04321 0.04512 -0.03157 -0.01823 0.04523 -0.11338 -0.01880 0.04769 0.01575 -0.01397 0.04967 0.00531 -0.00255 -0.00377 0.00642 -0.02880 -0.04488 -0.00084 -0.00814 0.07884 -0.00153 0.02615 -0.00966 0.02981 -0.00536 0.02275 -0.06300 -0.00991 0.00286 -0.06241 -0.06011
0.01385 -0.00082 0.01174 0.01535 0.03203 -0.03443 0.02876 0.60802 0.03079 0.02725 -0.03851 -0.02161 -0.00170 0.00278 0.01248 0.05159 0.04791 -0.01123 0.04510 -0.04269 -0.00104 0.00929 0.05963 -0.03345 0.00097 0.01346 -0.01854 -0.03807 0.05356 0.09572 0.00539 -0.02818 0.03158 0.00088 -0.05544 0.03891 -0.05113 -0.04160 0.00590 0.07667 -0.06121 -0.05104 -0.04232 -0.02811 -0.00377 0.03310 0.04506 -0.04301 0.05992 0.05186
-0.00344 0.00546 -0.07445 -0.01750 -0.01191 -0.02591 0.07602 -0.03079 0.80523 -0.06737 0.01766 -0.01424 0.05209 0.02092 -0.03570 -0.03548 0.02077 -0.03642 -0.00577 0.01664 0.01833 0.00876 0.00795 0.01263 -0.02351 -0.04243 0.05177 0.01567 -0.00877 -0.01355 -0.00893 -0.04157 0.00605 0.05934 0.01011 -0.02495 -0.00244 -0.06055 0.01980 -0.05806 0.03130 0.05982 -0.00817 0.01493 0.01915 -0.04751 0.01838 -0.05899 -0.05455 -0.02366
0.00414 0.03126 -0.03839 -0.05956 0.01568 -0.05494 0.09433 -0.02725 0.06737 0.28043 -0.03620 -0.06775 0.08154 -0.02892 0.01057 0.04745 0.01198 0.05344 0.02991 -0.02841 0.01771 -0.15098 0.00169 0.04840 -0.09021 -0.00144 0.00356 0.01187 0.03597 0.01422 0.00524 0.00355 0.01655 0.03619 -0.06159 0.03525 0.00862 0.05456 0.01251 0.03224 -0.03781 -0.07542 -0.06498 -0.00512 0.00458 -0.09043 0.02488 0.01974 -0.13254 0.02566
0.02958 -0.09586 0.07162 -0.06674 -0.05174 0.03811 -0.03325 0.03851 -0.01766 0.03620 0.97544 -0.02771 -0.02224 -0.02118 -0.00537 -0.02727 -0.01415 0.04254 -0.01904 0.01111 0.08374 -0.04205 -0.07243 0.03511 0.03579 0.01035 0.05773 0.05129 -0.00512 -0.01794 0.02964 0.04230 -0.02189 0.03659 0.03288 0.00510 -0.01078 0.02406 0.05354 0.05720 -0.07308 0.01554 0.04907 0.04028 0.03120 0.02284 -0.03244 0.01537 0.00950 -0.00454
0.04340 0.00989 0.01163 -0.04349 0.03213 0.03111 0.02009 0.02161 0.01424 0.06775 0.02771 0.25859 0.00256 -0.06573 0.01611 -0.05031 -0.03447 0.06561 0.02267 0.01195 -0.03549 -0.07810 -0.07661 0.01477 -0.02400 -0.00578 -0.00144 0.02728 0.00032 0.02845 0.00683 0.06911 0.00493 -0.04387 -0.06234 0.11084 0.02931 0.02127 -0.01128 0.05332 -0.00468 -0.00114 0.02413 0.02670 0.05496 -0.03536 0.06212 0.00025 -0.11011 0.01738
0.00086 -0.07667 -0.05274 0.01618 0.03579 0.05034 -0.03459 0.00170 -0.05209 -0.08154 0.02224 -0.00256 0.57815 -0.06009 0.00279 -0.00406 -0.03054 -0.02143 -0.01895 0.03311 0.00106 0.02735 -0.06901 0.01936 -0.00687 -0.05151 -0.01136 0.00907 -0.02366 0.00712 -0.02760 0.02587 -0.00100 0.00683 0.02351 0.00738 0.02892 -0.06569 0.03413 -0.02902 0.04660 0.06321 -0.00532 -0.01619 0.02159 -0.01481 -0.05197 0.00309 0.03939 0.03370
-0.01036 0.02475 -0.03931 -0.04428 -0.00948 -0.01085 0.07172 -0.00278 -0.02092 0.02892 0.02118 0.06573 0.06009 0.17200 -0.02988 -0.00317 -0.02026 0.04393 -0.01791 0.05681 -0.03656 -0.01688 0.00633 -0.01292 -0.01760 -0.07684 0.07864 0.01762 -0.00612 0.01205 0.00146 0.01739 0.02098 -0.01677 0.04367 -0.02441 -0.02495 -0.05572 -0.05235 0.00716 0.02747 0.07505 0.03236 0.07612 0.08047 -0.07055 -0.01129 0.01406 -0.05302 -0.00987
-0.00041 -0.07129 -0.06047 0.03028 0.05976 -0.01644 0.05376 -0.01248 0.03570 -0.01057 0.00537 -0.01611 -0.00279 0.02988 0.69044 0.03937 0.03701 -0.03164 -0.02104 0.01791 -0.04844 -0.00384 0.01791 -0.01118 -0.03541 -0.02081 0.01830 -0.04618 0.01921 0.08694 -0.01657 -0.03475 0.03770 -0.00964 0.02400 0.08643 -0.01360 -0.06069 0.04189 -0.00586 0.03505 0.00127 0.03470 -0.04648 -0.00724 -0.04432 0.00204 -0.07382 -0.02806 -0.00404
-0.01063 -0.09252 -0.07156 -0.01743 0.04607 0.01277 0.00455 -0.05159 0.03548 -0.04745 0.02727 0.05031 0.00406 0.00317 -0.03937 0.32459 -0.00321 -0.00309 -0.02169 -0.04664 0.00414 0.04606 -0.06457 -0.02618 0.00718 -0.02664 0.06878 0.04243 -0.00660 0.08846 -0.00464 0.01865 -0.00587 -0.01003 0.02485 -0.02534 0.00267 -0.08970 0.02722 -0.07008 0.02803 0.02125 0.03653 0.01325 0.06942 0.01161 0.02259 -0.00117 0.06904 0.02616
-0.02136 -0.00545 -0.05219 0.00186 -0.01102 0.00107 0.01477 -0.04791 -0.02077 -0.01198 0.01415 0.03447 0.03054 0.02026 -0.03701 0.00321 1.03126 -0.00497 0.00002 0.03156 -0.02034 -0.00629 -0.00922 -0.00623 0.00437 -0.01297 -0.01645 -0.03757 0.00057 0.02874 -0.01292 -0.02331 -0.02447 0.02032 0.03477 -0.00873 -0.01018 -0.01598 0.02051 -0.01125 0.01735 0.01676 -0.01843 -0.01367 -0.02365 -0.02870 -0.01354 -0.00340 0.01606 -0.00425
0.00912 -0.00296 -0.00436 0.01685 0.00182 0.03789 -0.03378 0.01123 0.03642 -0.05344 -0.04254 -0.06561 0.02143 -0.04393 0.03164 0.00309 0.00497 0.72478 0.00503 -0.01725 -0.01984 -0.05372 -0.02177 0.02529 -0.05550 0.02612 -0.00323 -0.00918 0.02154 -0.00420 0.01211 0.04296 0.05522 0.03989 -0.03547 0.00526 0.01918 0.12153 0.00592 0.02286 -0.01279 -0.01867 -0.00648 -0.00380 -0.00846 -0.00191 0.00999 0.02765 -0.12783 -0.01106
-0.04289 0.03567 -0.05667 0.05690 0.05915 -0.03102 -0.00104 -0.04510 0.00577 -0.02991 0.01904 -0.02267 0.01895 0.01791 0.02104 0.02169 -0.00002 -0.00503 1.02803 -0.04355 -0.04266 0.06448 0.03294 -0.04484 -0.02657 -0.05150 -0.01635 -0.03916 -0.01276 -0.00187 -0.06102 -0.06253 0.03748 -0.04282 -0.03563 0.01375 0.02481 -0.03387 -0.05547 -0.01491 0.02855 -0.00262 0.00107 -0.03854 -0.02854 -0.02146 0.04776 -0.06261 -0.02075 0.02153
0.05532 0.05464 0.03734 -0.04001 -0.03862 0.02696 0.04321 0.04269 -0.01664 0.02841 -0.01111 -0.01195 -0.03311 -0.05681 -0.01791 0.04664 -0.03156 0.01725 0.04355 0.53364 -0.00834 0.00374 0.07399 0.07763 -0.02973 0.01756 0.00138 -0.02601 -0.03173 0.01078 -0.05175 -0.00092 -0.02604 -0.06202 -0.04544 0.05957 0.03161 0.01411 0.05840 0.02686 -0.03194 -0.06773 -0.02220 -0.01856 0.00679 -0.04349 0.00853 0.04248 0.02998 -0.05349
-0.02134 0.08850 0.03669 -0.00754 -0.07513 0.00744 -0.04512 0.00104 -0.01833 -0.01771 -0.08374 0.03549 -0.00106 0.03656 0.04844 -0.00414 0.02034 0.01984 0.04266 0.00834 0.65946 0.05848 -0.01682 -0.00373 0.00145 0.02605 -0.04589 0.03859 -0.01468 -0.08280 0.01922 -0.00520 -0.05700 0.05308 0.02749 -0.04542 0.02069 0.02207 -0.03403 0.04020 -0.03686 -0.00143 -0.01711 0.04206 0.01565 0.06718 0.00370 0.05147 0.05641 0.02686
-0.01923 -0.02308 0.02093 -0.06909 0.04500 0.08252 0.03157 -0.00929 -0.00876 0.15098 0.04205 0.07810 -0.02735 0.01688 0.00384 -0.04606 0.00629 0.05372 -0.06448 -0.00374 -0.05848 0.23902 -0.02951 -0.03930 0.08445 -0.05423 0.05417 0.07451 -0.03409 0.05063 0.03202 0.07346 -0.03184 -0.01767 0.05455 -0.01335 0.03614 -0.04883 -0.03728 -0.04732 0.04541 0.04699 0.05828 0.03788 0.07598 0.03573 -0.00111 -0.02817 0.02876 0.03540
-0.00586 -0.02580 -0.03938 0.01340 -0.01759 0.00778 0.01823 -0.05963 -0.00795 -0.00169 0.07243 0.07661 0.06901 -0.00633 -0.01791 0.06457 0.00922 0.02177 -0.03294 -0.07399 0.01682 0.02951 0.46587 -0.08061 0.03035 -0.03994 -0.00200 0.04091 0.01341 0.03976 -0.00421 0.00780 0.04053 -0.01665 0.02207 -0.09048 -0.04868 -0.03928 -0.04202 0.01972 0.01032 -0.04667 0.03806 0.06645 0.00691 -0.00868 0.05470 -0.00055 0.01480 0.03846
0.04707 0.00242 0.01484 0.08673 -0.04828 0.01546 -0.04523 0.03345 -0.01263 -0.04840 -0.03511 -0.01477 -0.01936 0.01292 0.01118 0.02618 0.00623 -0.02529 0.04484 -0.07763 0.00373 0.03930 0.08061 0.07944 -0.00081 0.06006 0.00904 -0.05689 -0.00009 0.01585 -0.00411 -0.03216 0.03252 0.03739 -0.05476 -0.02962 -0.02437 -0.00016 0.05951 -0.00362 -0.04031 -0.03475 0.02185 -0.05647 -0.08638 0.06709 0.03994 0.00654 0.12318 -0.00975
-0.02044 0.03009 0.06277 -0.04753 0.01919 0.00151 0.11338 -0.00097 0.02351 0.09021 -0.03579 0.02400 0.00687 0.01760 0.03541 -0.00718 -0.00437 0.05550 0.02657 0.02973 -0.00145 -0.08445 -0.03035 0.00081 0.12791 -0.02694 -0.02034 0.02705 -0.00473 0.02047 -0.02006 0.06677 -0.01084 0.00785 0.00109 0.01209 0.01835 0.01175 -0.08634 0.05155 -0.00713 -0.01545 -0.04403 0.02250 -0.02256 -0.01845 0.02917 0.00509 -0.15227 0.05919
-0.02562 0.01000 -0.00154 0.00684 0.00722 -0.03741 0.01880 -0.01346 0.04243 0.00144 -0.01035 0.00578 0.05151 0.07684 0.02081 0.02664 0.01297 -0.02612 0.05150 -0.01756 -0.02605 0.05423 0.03994 -0.06006 0.02694 0.14417 -0.01357 0.00713 0.03204 0.02283 -0.00496 0.00584 0.00802 -0.01095 -0.00998 0.01730 -0.04785 -0.07801 -0.04453 0.03925 -0.05221 -0.00968 0.00154 0.01226 0.00796 0.03297 0.04356 -0.02554 0.03879 0.06634
0.01840 0.04222 0.00226 0.02383 -0.05268 0.00054 -0.04769 0.01854 -0.05177 -0.00356 -0.05773 0.00144 0.01136 -0.07864 -0.01830 -0.06878 0.01645 0.00323 0.01635 -0.00138 0.04589 -0.05417 0.00200 -0.00904 0.02034 0.01357 0.62368 0.02814 -0.02341 -0.03451 0.00912 0.00246 0.09107 0.02028 -0.05210 -0.06169 0.00914 0.07154 -0.03065 0.03276 0.00621 -0.02317 -0.02686 0.05325 -0.02852 0.02086 0.02825 0.03241 -0.12199 0.04383
0.05163 0.03737 0.00300 -0.01514 0.00810 0.03073 -0.01575 0.03807 -0.01567 -0.01187 -0.05129 -0.02728 -0.00907 -0.01762 0.04618 -0.04243 0.03757 0.00918 0.03916 0.02601 -0.03859 -0.07451 -0.04091 0.05689 -0.02705 -0.00713 -0.02814 0.61170 0.02512 -0.02937 0.03641 0.02181 0.06398 0.00091 -0.06455 0.02291 0.00880 0.02944 0.01817 0.02988 -0.07184 0.03086 -0.02315 0.02609 0.02142 -0.02813 -0.02888 -0.02611 -0.09354 0.05302
-0.06750 -0.00690 -0.07731 0.03507 0.02148 -0.01406 0.01397 -0.05356 0.00877 -0.03597 0.00512 -0.00032 0.02366 0.00612 -0.01921 0.00660 -0.00057 -0.02154 0.01276 0.03173 0.01468 0.03409 -0.01341 0.00009 0.00473 -0.03204 0.02341 -0.02512 1.04029 0.02549 -0.02819 -0.02206 -0.02765 0.02079 0.03884 -0.00557 -0.00386 -0.02618 0.00867 0.00093 0.03159 -0.00170 -0.03230 -0.02857 -0.03253 -0.03312 -0.02433 -0.02998 0.00900 -0.00725
-0.05038 -0.02943 -0.04921 0.01250 -0.04272 -0.02501 -0.04967 -0.09572 0.01355 -0.01422 0.01794 -0.02845 -0.00712 -0.01205 -0.08694 -0.08846 -0.02874 0.00420 0.00187 -0.01078 0.08280 -0.05063 -0.03976 -0.01585 -0.02047 -0.02283 0.03451 0.02937 -0.02549 0.53311 -0.04245 0.01552 -0.01515 0.02540 -0.00018 -0.06324 -0.02418 0.03417 0.02219 -0.07982 0.02184 0.00529 0.02139 -0.01526 -0.01956 0.00136 -0.01961 0.00508 -0.08547 0.00567
-0.00896 -0.00926 -0.01552 0.02021 -0.04060 -0.00742 -0.00531 -0.00539 0.00893 -0.00524 -0.02964 -0.00683 0.02760 -0.00146 0.01657 0.00464 0.01292 -0.01211 0.06102 0.05175 -0.01922 -0.03202 0.00421 0.00411 0.02006 0.00496 -0.00912 -0.03641 0.02819 0.04245 1.01942 -0.01032 -0.00303 0.00100 0.03024 0.04078 -0.06101 -0.02059 -0.02165 0.05351 -0.05776 0.00416 -0.03372 0.01075 -0.04457 -0.01000 0.01147 -0.02224 -0.00682 0.02090
0.04060 0.01192 0.01322 0.01377 0.00378 -0.06235 0.00255 0.02818 0.04157 -0.00355 -0.04230 -0.06911 -0.02587 -0.01739 0.03475 -0.01865 0.02331 -0.04296 0.06253 0.00092 0.00520 -0.07346 -0.00780 0.03216 -0.06677 -0.00584 -0.00246 -0.02181 0.02206 -0.01552 0.01032 0.31296 0.00993 -0.02174 -0.04401 0.06640 -0.02130 0.02483 0.01160 0.01335 -0.04072 -0.01451 -0.02512 -0.02765 -0.04813 -0.04369 0.01119 -0.02314 -0.07216 -0.00402
-0.01307 -0.03273 -0.01750 0.03993 0.01077 -0.08058 0.00377 -0.03158 -0.00605 -0.01655 0.02189 -0.00493 0.00100 -0.02098 -0.03770 0.00587 0.02447 -0.05522 -0.03748 0.02604 0.05700 0.03184 -0.04053 -0.03252 0.01084 -0.00802 -0.09107 -0.06398 0.02765 0.01515 0.00303 -0.00993 0.60419 -0.09095 0.03703 0.03332 -0.00922 0.00740 -0.08775 0.05541 0.06430 -0.02906 -0.02929 -0.03610 -0.01900 -0.02921 -0.02986 0.01149 0.02802 -0.02683
0.02207 0.03696 0.03405 -0.03547 -0.07147 -0.01099 -0.00642 -0.00088 -0.05934 -0.03619 -0.03659 0.04387 -0.00683 0.01677 0.00964 0.01003 -0.02032 -0.03989 0.04282 0.06202 -0.05308 0.01767 0.01665 -0.03739 -0.00785 0.01095 -0.02028 -0.00091 -0.02079 -0.02540 -0.00100 0.02174 0.09095 0.36643 -0.01221 -0.06111 0.04191 -0.06414 0.01724 0.03412 -0.04244 0.08381 0.02161 0.06076 0.05802 0.03739 -0.07290 -0.00425 0.05259 0.04163
0.06295 -0.00409 0.00803 -0.07322 0.00694 0.03904 0.02880 0.05544 -0.01011 0.06159 -0.03288 0.06234 -0.02351 -0.04367 -0.02400 -0.02485 -0.03477 0.03547 0.03563 0.04544 -0.02749 -0.05455 -0.02207 0.05476 -0.00109 0.00998 0.05210 0.06455 -0.03884 0.00018 -0.03024 0.04401 -0.03703 0.01221 0.85831 -0.00024 0.03774 -0.02460 0.04259 -0.04521 -0.05088 0.04392 0.01003 0.05450 0.03943 -0.03115 -0.03093 0.03951 -0.02583 0.02981
-0.02989 -0.04986 -0.06756 -0.02974 0.03481 -0.00458 0.04488 -0.03891 0.02495 -0.03525 -0.00510 -0.11084 -0.00738 0.02441 -0.08643 0.02534 0.00873 -0.00526 -0.01375 -0.05957 0.04542 0.01335 0.09048 0.02962 -0.01209 -0.01730 0.06169 -0.02291 0.00557 0.06324 -0.04078 -0.06640 -0.03332 0.06111 0.00024 0.40842 -0.03939 0.00907 0.09410 -0.01395 0.03879 -0.05877 0.00204 -0.07234 -0.04541 -0.02481 0.02075 -0.02767 0.01443 -0.01654
0.03871 0.00621 0.05913 -0.03133 0.00996 0.01798 0.00084 0.05113 0.00244 -0.00862 0.01078 -0.02931 -0.02892 0.02495 0.01360 -0.00267 0.01018 -0.01918 -0.02481 -0.03161 -0.02069 -0.03614 0.04868 0.02437 -0.01835 0.04785 -0.00914 -0.00880 0.00386 0.02418 0.06101 0.02130 0.00922 -0.04191 -0.03774 0.03939 0.96406 0.00310 -0.01325 -0.07270 -0.01303 -0.00002 -0.01403 0.00188 0.05795 0.04941 0.00251 0.06852 0.02078 0.04500
-0.00862 0.03056 0.03825 0.03270 -0.03586 -0.03220 0.00814 0.04160 0.06055 -0.05456 -0.02406 -0.02127 0.06569 0.05572 0.06069 0.08970 0.01598 -0.12153 0.03387 -0.01411 -0.02207 0.04883 0.03928 0.00016 -0.01175 0.07801 -0.07154 -0.02944 0.02618 -0.03417 0.02059 -0.02483 -0.00740 0.06414 0.02460 -0.00907 -0.00310 0.41319 0.00419 0.02042 -0.01459 -0.00294 -0.03945 -0.00009 -0.03477 0.05330 -0.01483 0.00411 0.04440 0.05051
-0.00242 0.02340 0.05796 0.02574 -0.14925 -0.04815 -0.07884 -0.00590 -0.01980 -0.01251 -0.05354 0.01128 -0.03413 0.05235 -0.04189 -0.02722 -0.02051 -0.00592 0.05547 -0.05840 0.03403 0.03728 0.04202 -0.05951 0.08634 0.04453 0.03065 -0.01817 -0.00867 -0.02219 0.02165 -0.01160 0.08775 -0.01724 -0.04259 -0.09410 0.01325 -0.00419 0.24963 -0.03060 -0.05080 0.01668 0.01671 0.03798 0.00894 0.08121 0.02554 0.00725 0.15150 0.08835
-0.03845 -0.05386 -0.04953 0.02196 0.08209 0.01531 0.00153 -0.07667 0.05806 -0.03224 -0.05720 -0.05332 0.02902 -0.00716 0.00586 0.07008 0.01125 -0.02286 0.01491 -0.02686 -0.04020 0.04732 -0.01972 0.00362 -0.05155 -0.03925 -0.03276 -0.02988 -0.00093 0.07982 -0.05351 -0.01335 -0.05541 -0.03412 0.04521 0.01395 0.07270 -0.02042 0.03060 0.91141 -0.00664 -0.02340 -0.04105 -0.02594 0.00463 -0.06631 0.00629 -0.04435 0.07798 0.01925
0.07439 -0.04751 0.07752 -0.04901 -0.04339 0.03497 -0.02615 0.06121 -0.03130 0.03781 0.07308 0.00468 -0.04660 -0.02747 -0.03505 -0.02803 -0.01735 0.01279 -0.02855 0.03194 0.03686 -0.04541 -0.01032 0.04031 0.00713 0.05221 -0.00621 0.07184 -0.03159 -0.02184 0.05776 0.04072 -0.06430 0.04244 0.05088 -0.03879 0.01303 0.01459 0.05080 0.00664 1.00574 0.03407 0.05409 0.04629 0.02058 0.04745 -0.03502 0.07157 -0.01100 -0.03465
0.05368 0.07547 0.03593 -0.04657 -0.05725 -0.03744 0.00966 0.05104 -0.05982 0.07542 -0.01554 0.00114 -0.06321 -0.07505 -0.00127 -0.02125 -0.01676 0.01867 0.00262 0.06773 0.00143 -0.04699 0.04667 0.03475 0.01545 0.00968 0.02317 -0.03086 0.00170 -0.00529 -0.00416 0.01451 0.02906 -0.08381 -0.04392 0.05877 0.00002 0.00294 -0.01668 0.02340 -0.03407 0.70047 -0.01503 0.02406 -0.00955 -0.06058 -0.00578 0.00492 -0.02195 -0.03759
0.06581 0.02371 0.02664 -0.05547 -0.05297 -0.00241 -0.02981 0.04232 0.00817 0.06498 -0.04907 -0.02413 0.00532 -0.03236 -0.03470 -0.03653 0.01843 0.00648 -0.00107 0.02220 0.01711 -0.05828 -0.03806 -0.02185 0.04403 -0.00154 0.02686 0.02315 0.03230 -0.02139 0.03372 0.02512 0.02929 -0.02161 -0.01003 -0.00204 0.01403 0.03945 -0.01671 0.04105 -0.05409 0.01503 0.87349 0.06814 0.05710 -0.01372 0.04162 -0.07758 -0.02942 -0.07425
0.09032 0.04609 0.00843 0.06946 -0.02558 -0.00095 0.00536 0.02811 -0.01493 0.00512 -0.04028 -0.02670 0.01619 -0.07612 0.04648 -0.01325 0.01367 0.00380 0.03854 0.01856 -0.04206 -0.03788 -0.06645 0.05647 -0.02250 -0.01226 -0.05325 -0.02609 0.02857 0.01526 -0.01075 0.02765 0.03610 -0.06076 -0.05450 0.07234 -0.00188 0.00009 -0.03798 0.02594 -0.04629 -0.02406 -0.06814 0.25991 0.01821 -0.03879 0.03570 -0.00922 -0.05387 -0.01452
0.07725 -0.00824 0.00902 0.03128 0.00576 0.02655 -0.02275 0.00377 -0.01915 -0.00458 -0.03120 -0.05496 -0.02159 -0.08047 0.00724 -0.06942 0.02365 0.00846 0.02854 -0.00679 -0.01565 -0.07598 -0.00691 0.08638 0.02256 -0.00796 0.02852 -0.02142 0.03253 0.01956 0.04457 0.04813 0.01900 -0.05802 -0.03943 0.04541 -0.05795 0.03477 -0.00894 -0.00463 -0.02058 0.00955 -0.05710 -0.01821 0.50960 -0.00994 0.04708 -0.06613 0.00192 -0.05312
-0.03053 0.04324 0.04578 -0.01926 -0.01916 -0.02505 0.06300 -0.03310 0.04751 0.09043 -0.02284 0.03536 0.01481 0.07055 0.04432 -0.01161 0.02870 0.00191 0.02146 0.04349 -0.06718 -0.03573 0.00868 -0.06709 0.01845 -0.03297 -0.02086 0.02813 0.03312 -0.00136 0.01000 0.04369 0.02921 -0.03739 0.03115 0.02481 -0.04941 -0.05330 -0.08121 0.06631 -0.04745 0.06058 0.01372 0.03879 0.00994 0.28332 0.01499 -0.06811 -0.06636 0.04851
-0.03101 -0.01450 -0.04437 0.04797 0.05695 0.01284 0.00991 -0.04506 -0.01838 -0.02488 0.03244 -0.06212 0.05197 0.01129 -0.00204 -0.02259 0.01354 -0.00999 -0.04776 -0.00853 -0.00370 0.00111 -0.05470 -0.03994 -0.02917 -0.04356 -0.02825 0.02888 0.02433 0.01961 -0.01147 -0.01119 0.02986 0.07290 0.03093 -0.02075 -0.00251 0.01483 -0.02554 -0.00629 0.03502 0.00578 -0.04162 -0.03570 -0.04708 -0.01499 0.76667 -0.02328 -0.12425 0.00758
0.01352 -0.00259 0.03839 0.01479 -0.01070 0.01917 -0.00286 0.04301 0.05899 -0.01974 -0.01537 -0.00025 -0.00309 -0.01406 0.07382 0.00117 0.00340 -0.02765 0.06261 -0.04248 -0.05147 0.02817 0.00055 -0.00654 -0.00509 0.02554 -0.03241 0.02611 0.02998 -0.00508 0.02224 0.02314 -0.01149 0.00425 -0.03951 0.02767 -0.06852 -0.00411 -0.00725 0.04435 -0.07157 -0.00492 0.07758 0.00922 0.06613 0.06811 0.02328 0.82338 0.05176 0.01007
-0.03333 0.00414 0.05960 -0.03391 0.00594 0.04999 0.06241 -0.05992 0.05455 0.13254 -0.00950 0.11011 -0.03939 0.05302 0.02806 -0.06904 -0.01606 0.12783 0.02075 -0.02998 -0.05641 -0.02876 -0.01480 -0.12318 0.15227 -0.03879 0.12199 0.09354 -0.00900 0.08547 0.00682 0.07216 -0.02802 -0.05259 0.02583 -0.01443 -0.02078 -0.04440 -0.15150 -0.07798 0.01100 0.02195 0.02942 0.05387 -0.00192 0.06636 0.12425 -0.05176 0.17647 0.18040
-0.02120 0.02573 -0.06085 0.00395 0.02864 -0.06413 0.06011 -0.05186 0.02366 -0.02566 0.00454 -0.01738 -0.03370 0.00987 0.00404 -0.02616 0.00425 0.01106 -0.02153 0.05349 -0.02686 -0.03540 -0.03846 0.00975 -0.05919 -0.06634 -0.04383 -0.05302 0.00725 -0.00567 -0.02090 0.00402 0.02683 -0.04163 -0.02981 0.01654 -0.04500 -0.05051 -0.08835 -0.01925 0.03465 0.03759 0.07425 0.01452 0.05312 -0.04851 -0.00758 -0.01007 -0.18040 0.84740
