0.26536 -0.00183 -0.00526 0.06294 0.05341 -0.01138 0.00764 -0.02519 -0.00073 -0.00377 -0.02165 -0.00834 0.00016 -0.01411 0.01323 -0.00069 0.00311 0.00009 0.02023 -0.03676 0.00134 -0.00025 -0.02197 -0.03970 0.01085 0.00020 -0.00594 -0.02288 0.04001 0.06135 -0.00161 0.00239 0.01168 -0.02887 -0.04552 0.01956 0.00034 -0.00563 -0.01712 -0.00220 -0.04192 -0.02868 -0.04252 -0.05598 -0.04678 0.00291 0.02232 -0.00691 -0.00415 0.03363
0.00183 0.67708 -0.03563 0.04030 0.03012 -0.01255 0.00692 0.01159 0.00356 -0.00048 0.08271 0.00053 0.02611 -0.01192 0.02897 0.02328 0.01085 0.00425 -0.02404 -0.04888 -0.04828 0.01394 0.03865 -0.02266 0.02171 -0.00874 -0.01485 -0.03436 0.01883 0.00462 -0.00557 -0.01536 0.05700 -0.04357 -0.03174 0.01253 -0.00493 -0.02547 -0.02792 0.00961 0.05067 -0.03197 0.01731 -0.03456 0.00508 -0.01425 0.03216 -0.03613 0.00040 -0.05723
0.00526 0.03563 0.12332 0.01786 0.01245 -0.04669 0.02253 0.00157 0.04425 -0.00198 -0.04762 -0.00611 0.03948 0.00497 0.04058 0.06581 0.01462 -0.00577 0.03457 -0.02603 -0.02044 -0.01508 0.03569 0.00462 -0.05041 0.02657 -0.00243 -0.02510 0.03737 0.03509 -0.00819 -0.01505 0.02198 -0.02116 -0.00794 0.04073 -0.00443 -0.02421 -0.01007 0.00410 -0.03747 -0.02885 -0.03441 -0.00600 -0.02017 -0.04605 0.02378 -0.02076 -0.03050 0.03923
-0.06294 -0.04030 -0.01786 0.68580 0.03954 0.00617 -0.01080 -0.01895 0.01864 0.01411 0.05185 -0.01404 -0.00073 0.01896 -0.02739 0.00126 0.01057 -0.00547 -0.03867 0.01407 0.02926 0.00138 -0.02073 -0.04063 -0.00016 -0.01101 -0.00873 0.03136 -0.01024 -0.01535 -0.01001 -0.01712 -0.01717 0.05980 0.03513 0.01053 0.00841 0.01001 -0.00177 -0.00526 0.03073 0.02736 0.04822 -0.06663 -0.03166 0.00550 -0.03993 -0.00027 -0.03532 -0.01268
-0.05341 -0.03012 -0.01245 -0.03954 0.45141 -0.01796 -0.01470 -0.02797 0.00234 0.01252 0.05009 -0.01072 -0.01010 0.02572 -0.02128 -0.02919 0.00840 0.01212 -0.04436 0.06560 0.04593 -0.01297 -0.02368 0.00427 -0.00395 -0.02211 0.00058 0.01173 -0.01506 0.01377 0.01966 0.00136 -0.03852 0.05441 0.02518 0.00171 0.00002 0.02421 0.04251 -0.01077 0.02931 0.04399 0.04353 0.01807 -0.00327 0.01610 -0.04681 0.02236 -0.01745 -0.03252
0.01138 0.01255 0.04669 -0.00617 0.01796 0.72753 -0.03008 0.01115 0.03103 0.06384 -0.03773 -0.00017 -0.02508 -0.00582 0.02217 0.01533 -0.00662 -0.00809 0.02100 -0.01378 -0.00646 -0.03889 -0.00911 -0.01660 -0.00292 0.02001 -0.01898 -0.02390 0.00101 0.01374 0.00580 0.04549 0.02416 -0.02408 -0.00884 0.00706 -0.00046 0.03726 -0.00948 0.00263 -0.01442 -0.00610 -0.02123 0.00245 -0.01914 -0.00785 0.00262 -0.00216 -0.03023 0.04852
-0.00764 -0.00692 -0.02253 0.01080 0.01470 0.03008 0.54965 -0.01566 -0.06753 -0.03655 0.02806 0.01237 0.00535 0.00568 -0.03090 -0.01896 -0.00940 0.00947 -0.00526 -0.01067 0.02629 0.02261 -0.00226 0.00503 0.00492 -0.01509 0.02625 0.00819 -0.01470 0.00542 0.01576 -0.00664 -0.01472 -0.01483 -0.00249 -0.03415 -0.01154 -0.04784 0.00813 0.01406 0.02044 0.01322 0.02269 -0.00952 0.01793 -0.00121 -0.00587 -0.01214 0.02012 -0.03898
0.02519 -0.01159 -0.00157 0.01895 0.02797 -0.01115 0.01566 0.61252 0.01520 0.01745 -0.02126 -0.00342 -0.00071 -0.03574 0.01584 0.02751 0.02294 -0.00479 0.02355 -0.02265 -0.00178 -0.01215 0.02164 -0.02165 -0.00061 0.00657 -0.02136 -0.02225 0.02797 0.07406 -0.00778 0.00020 0.02585 -0.00232 -0.04356 0.02925 -0.00982 -0.02463 0.00023 0.03308 -0.02365 -0.03673 -0.04411 -0.00807 0.00469 0.00687 0.03629 -0.03682 0.01853 0.03177
0.00073 -0.00356 -0.04425 -0.01864 -0.00234 -0.03103 0.06753 -0.01520 0.82980 -0.05650 0.01768 -0.02304 0.03115 0.00422 -0.02303 -0.00036 0.02461 -0.03439 0.00157 0.00429 0.01884 0.03226 -0.00452 0.01331 -0.02530 -0.02121 0.00625 0.00498 0.00213 -0.01079 -0.00264 -0.03239 -0.01503 0.03164 0.00904 0.00130 0.01097 -0.06186 0.02515 -0.02337 0.01402 0.02536 0.00082 0.00025 0.02712 -0.03127 0.00272 -0.00994 0.00993 -0.02851
0.00377 0.00048 0.00198 -0.01411 -0.01252 -0.06384 0.03655 -0.01745 0.05650 0.30694 -0.02742 -0.00929 0.01922 -0.01047 0.02178 0.04281 0.00407 -0.02094 0.02247 -0.00677 0.00361 -0.04046 0.02432 0.00113 -0.02517 0.02781 -0.02123 -0.01146 0.02031 0.00168 -0.00455 0.00620 0.01050 0.00968 -0.03546 0.01209 0.01062 -0.01003 0.00067 -0.00176 -0.02209 -0.02629 -0.02651 0.00482 -0.00242 -0.02996 0.00549 0.00664 -0.03495 0.03785
0.02165 -0.08271 0.04762 -0.05185 -0.05009 0.03773 -0.02806 0.02126 -0.01768 0.02742 0.98649 -0.00753 -0.01272 -0.02412 -0.01987 -0.02050 -0.01833 0.03270 -0.03260 0.03014 0.07838 -0.03489 -0.05478 0.02916 0.03586 0.01421 0.05576 0.03377 -0.01745 -0.00914 0.03780 0.03020 -0.02741 0.03019 0.04281 -0.00716 -0.00537 0.02509 0.04726 0.02062 -0.04572 0.01644 0.00460 0.03559 0.01661 0.00613 -0.02720 -0.00371 0.02076 -0.01454
0.00834 -0.00053 0.00611 0.01404 0.01072 0.00017 -0.01237 0.00342 0.02304 0.00929 0.00753 0.34922 0.00833 -0.01002 0.02013 -0.01608 -0.03023 0.01189 0.00873 -0.02028 -0.02462 -0.00787 0.00172 -0.01885 -0.00434 0.02206 -0.00945 -0.01833 -0.01374 0.02153 0.01741 0.00801 0.03184 -0.01150 -0.04613 0.04514 -0.00145 0.01978 0.00043 0.01580 0.00223 -0.00239 0.00856 -0.01801 -0.00429 0.01178 0.04164 -0.01176 0.00008 0.03825
-0.00016 -0.02611 -0.03948 0.00073 0.01010 0.02508 -0.00535 0.00071 -0.03115 -0.01922 0.01272 -0.00833 0.59141 -0.03474 -0.00668 -0.01479 -0.01043 0.01839 -0.00942 0.02041 0.02279 0.01364 -0.03210 0.01581 0.00790 -0.05345 0.00740 0.01890 -0.00896 -0.01644 -0.01422 -0.02675 -0.01074 0.01394 0.01625 0.00576 0.00484 -0.03437 0.00831 -0.00002 0.02639 0.02593 -0.01271 -0.02522 -0.00637 -0.01718 -0.01673 -0.00178 0.01017 0.01022
0.01411 0.01192 -0.00497 -0.01896 -0.02572 0.00582 -0.00568 0.03574 -0.00422 0.01047 0.02412 0.01002 0.03474 0.27713 -0.01301 -0.00523 -0.01024 0.01523 -0.01102 0.02884 -0.00757 0.00049 -0.00118 0.01490 -0.00678 -0.02063 0.03063 0.00491 0.00134 -0.03080 0.00285 0.00123 -0.01322 0.00279 0.03374 -0.00248 -0.01917 0.00179 0.00488 0.00541 0.02101 0.03483 0.02547 0.02071 0.05218 -0.01682 -0.02020 0.02547 0.02339 -0.04655
-0.01323 -0.02897 -0.04058 0.02739 0.02128 -0.02217 0.03090 -0.01584 0.02303 -0.02178 0.01987 -0.02013 0.00668 0.01301 0.77276 0.01853 0.03031 -0.01582 -0.01249 -0.00270 -0.00098 0.00446 -0.00336 -0.01050 -0.02627 -0.01183 -0.01936 -0.02385 0.02292 0.04883 -0.01997 -0.03731 0.01488 -0.01662 0.01494 0.03809 -0.00859 -0.02634 0.00055 0.01055 0.04233 -0.02584 0.02387 -0.03539 -0.00082 -0.02455 0.01657 -0.03786 -0.01952 -0.02221
0.00069 -0.02328 -0.06581 -0.00126 0.02919 -0.01533 0.01896 -0.02751 0.00036 -0.04281 0.02050 0.01608 0.01479 0.00523 -0.01853 0.39041 0.00028 -0.01010 -0.02643 -0.00412 0.00685 0.03964 -0.03813 0.00002 -0.01080 -0.02082 0.02156 0.00401 -0.00678 0.02219 -0.00216 -0.01588 0.00069 -0.01341 0.01216 0.01213 0.00395 -0.05345 0.01186 -0.00194 0.02228 -0.00291 -0.01540 -0.00691 0.02071 -0.03613 0.00688 0.00958 0.02255 -0.01271
-0.00311 -0.01085 -0.01462 -0.01057 -0.00840 0.00662 0.00940 -0.02294 -0.02461 -0.00407 0.01833 0.03023 0.01043 0.01024 -0.03031 -0.00028 1.05251 0.00483 -0.01878 0.01308 -0.00895 -0.00802 -0.00170 -0.00055 -0.00340 -0.00200 -0.00617 -0.01223 0.00079 0.01173 -0.00496 -0.01106 -0.01397 0.01228 0.02598 -0.01475 -0.00361 -0.00638 0.02158 -0.02148 0.02466 0.01353 0.00063 -0.00123 -0.00330 -0.01482 -0.00986 0.01251 0.01317 -0.00267
-0.00009 -0.00425 0.00577 0.00547 -0.01212 0.00809 -0.00947 0.00479 0.03439 0.02094 -0.03270 -0.01189 -0.01839 -0.01523 0.01582 0.01010 -0.00483 0.78359 0.00484 0.00608 -0.02504 -0.01114 0.01338 -0.00672 -0.00736 0.01962 0.01097 -0.02077 0.01279 0.00958 -0.00382 0.03606 0.03521 -0.00048 -0.01764 0.00930 0.00678 0.04414 -0.01660 0.01366 -0.01026 0.00565 0.01606 0.00243 -0.00578 -0.00076 0.01095 0.01044 -0.02800 0.00242
-0.02023 0.02404 -0.03457 0.03867 0.04436 -0.02100 0.00526 -0.02355 -0.00157 -0.02247 0.03260 -0.00873 0.00942 0.01102 0.01249 0.02643 0.01878 -0.00484 1.04710 -0.04251 -0.03741 0.04316 0.04095 -0.03228 -0.03312 -0.02576 -0.01693 -0.02835 0.01213 0.00514 -0.04383 -0.04080 0.03344 -0.04269 -0.02983 0.00919 0.01510 -0.03009 -0.04386 -0.02015 0.03695 -0.00596 0.00922 -0.02629 -0.01838 -0.01380 0.03589 -0.02161 -0.01396 0.02814
0.03676 0.04888 0.02603 -0.01407 -0.06560 0.01378 0.01067 0.02265 -0.00429 0.00677 -0.03014 0.02028 -0.02041 -0.02884 0.00270 0.00412 -0.01308 -0.00608 0.04251 0.58743 -0.02582 0.01555 0.03373 0.02814 -0.00111 0.00168 0.00097 -0.01485 -0.02193 -0.00864 -0.00806 0.02090 0.02194 -0.05109 -0.02940 0.01123 -0.00075 0.00348 0.00563 0.00110 -0.03173 0.00164 -0.02019 0.02368 0.03613 -0.00264 0.00841 0.00488 0.02967 0.00859
-0.00134 0.04828 0.02044 -0.02926 -0.04593 0.00646 -0.02629 0.00178 -0.01884 -0.00361 -0.07838 0.02462 -0.02279 0.00757 0.00098 -0.00685 0.00895 0.02504 0.03741 0.02582 0.73045 -0.00497 -0.00169 0.03287 -0.02183 0.01521 0.01589 0.01001 -0.02279 -0.03241 0.01142 0.00695 -0.04010 0.04209 0.00763 -0.01133 -0.00032 0.00819 0.03122 0.00948 -0.04008 0.01603 -0.01545 0.04383 0.01934 0.02602 -0.01309 0.03494 0.00683 0.02953
0.00025 -0.01394 0.01508 -0.00138 0.01297 0.03889 -0.02261 0.01215 -0.03226 0.04046 0.03489 0.00787 -0.01364 -0.00049 -0.00446 -0.03964 0.00802 0.01114 -0.04316 -0.01555 0.00497 0.21821 -0.02667 0.00688 0.04625 -0.00830 0.01174 0.02547 -0.02365 0.00480 0.01498 0.00056 -0.00778 0.01685 0.02484 -0.01338 0.01046 0.03386 0.01223 -0.00340 0.02711 0.01628 0.03290 -0.02245 0.01337 0.04525 -0.02599 0.01167 0.01772 -0.02101
0.02197 -0.03865 -0.03569 0.02073 0.02368 0.00911 0.00226 -0.02164 0.00452 -0.02432 0.05478 -0.00172 0.03210 0.00118 0.00336 0.03813 0.00170 -0.01338 -0.04095 -0.03373 0.00169 0.02667 0.56062 -0.01643 0.00941 -0.02645 -0.03388 -0.01177 0.00723 0.01611 -0.00255 -0.00558 0.00721 -0.01525 0.00142 -0.01238 -0.01632 -0.02340 0.00524 -0.00890 0.01718 -0.03983 0.02196 0.00679 -0.00362 -0.02762 0.00894 -0.00253 0.02575 -0.00707
0.03970 0.02266 -0.00462 0.04063 -0.00427 0.01660 -0.00503 0.02165 -0.01331 -0.00113 -0.02916 0.01885 -0.01581 -0.01490 0.01050 -0.00002 0.00055 0.00672 0.03228 -0.02814 -0.03287 -0.00688 0.01643 0.14977 -0.00496 0.00426 0.01809 -0.03309 -0.00266 0.03401 -0.00145 0.01629 0.02875 -0.02969 -0.04920 0.02542 -0.00459 -0.02371 -0.04031 -0.00946 -0.02484 -0.01155 -0.00520 -0.02466 -0.01776 0.01203 0.04377 -0.00677 0.04802 0.00847
-0.01085 -0.02171 0.05041 0.00016 0.00395 0.00292 -0.00492 0.00061 0.02530 0.02517 -0.03586 0.00434 -0.00790 0.00678 0.02627 0.01080 0.00340 0.00736 0.03312 0.00111 0.02183 -0.04625 -0.00941 0.00496 0.21097 0.01374 -0.02741 -0.01317 0.00102 0.01614 -0.01358 0.03388 -0.00506 0.02902 -0.00737 -0.01927 0.00100 0.02780 -0.02411 0.01333 -0.00569 -0.01526 -0.02775 -0.00055 -0.03901 0.04770 0.01040 0.00013 -0.04147 0.04786
-0.00020 0.00874 -0.02657 0.01101 0.02211 -0.02001 0.01509 -0.00657 0.02121 -0.02781 -0.01421 -0.02206 0.05345 0.02063 0.01183 0.02082 0.00200 -0.01962 0.02576 -0.00168 -0.01521 0.00830 0.02645 -0.00426 -0.01374 0.17119 -0.01768 -0.01195 0.01899 0.01235 -0.00819 0.00784 0.01027 -0.01454 -0.03001 0.02535 -0.00931 -0.03230 -0.00083 0.01091 -0.02006 -0.02172 -0.02188 0.00895 0.00185 -0.02569 0.03065 -0.01396 -0.01815 0.03075
0.00594 0.01485 0.00243 0.00873 -0.00058 0.01898 -0.02625 0.02136 -0.00625 0.02123 -0.05576 0.00945 -0.00740 -0.03063 0.01936 -0.02156 0.00617 -0.01097 0.01693 -0.00097 -0.01589 -0.01174 0.03388 -0.01809 0.02741 0.01768 0.70087 0.01242 -0.02848 0.00961 0.00562 0.00451 0.03893 -0.01420 -0.02369 0.00679 -0.00906 0.02678 -0.03148 0.00232 -0.00649 -0.01845 -0.02447 0.01823 -0.01401 0.02963 0.03108 0.00963 -0.00760 0.07558
0.02288 0.03436 0.02510 -0.03136 -0.01173 0.02390 -0.00819 0.02225 -0.00498 0.01146 -0.03377 0.01833 -0.01890 -0.00491 0.02385 -0.00401 0.01223 0.02077 0.02835 0.01485 -0.01001 -0.02547 0.01177 0.03309 0.01317 0.01195 -0.01242 0.63727 -0.00453 -0.02065 0.01398 0.00069 0.01243 -0.01014 -0.03486 0.01265 0.01263 0.02068 0.00592 0.01092 -0.05284 0.00289 -0.01769 0.01769 0.00211 -0.00883 -0.00650 -0.01001 -0.00899 0.04487
-0.04001 -0.01883 -0.03737 0.01024 0.01506 -0.00101 0.01470 -0.02797 -0.00213 -0.02031 0.01745 0.01374 0.00896 -0.00134 -0.02292 0.00678 -0.00079 -0.01279 -0.01213 0.02193 0.02279 0.02365 -0.00723 0.00266 -0.00102 -0.01899 0.02848 0.00453 1.06121 0.01750 -0.02600 -0.00265 -0.01881 0.01546 0.03890 -0.01525 0.00392 -0.02157 0.00949 -0.01274 0.04598 -0.00035 -0.01124 -0.01002 -0.01195 -0.02200 -0.02726 0.00216 0.00859 -0.00855
-0.06135 -0.00462 -0.03509 0.01535 -0.01377 -0.01374 -0.00542 -0.07406 0.01079 -0.00168 0.00914 -0.02153 0.01644 0.03080 -0.04883 -0.02219 -0.01173 -0.00958 -0.00514 0.00864 0.03241 -0.00480 -0.01611 -0.03401 -0.01614 -0.01235 -0.00961 0.02065 -0.01750 0.59697 -0.00808 0.01157 -0.03781 0.01733 0.02940 -0.02617 -0.00671 -0.00660 -0.00937 -0.02409 0.00941 -0.00034 -0.00560 -0.03477 -0.02209 0.01256 -0.03492 0.02426 -0.02775 0.04060
0.00161 0.00557 0.00819 0.01001 -0.01966 -0.00580 -0.01576 0.00778 0.00264 0.00455 -0.03780 -0.01741 0.01422 -0.00285 0.01997 0.00216 0.00496 0.00382 0.04383 0.00806 -0.01142 -0.01498 0.00255 0.00145 0.01358 0.00819 -0.00562 -0.01398 0.02600 0.00808 1.05186 -0.00970 0.00847 0.00054 -0.00017 0.02267 -0.01053 -0.00125 -0.01090 0.03257 -0.04793 -0.00541 -0.02138 0.00511 -0.02871 0.00071 0.01934 -0.01833 -0.00344 0.01252
-0.00239 0.01536 0.01505 0.01712 -0.00136 -0.04549 0.00664 -0.00020 0.03239 -0.00620 -0.03020 -0.00801 0.02675 -0.00123 0.03731 0.01588 0.01106 -0.03606 0.04080 -0.02090 -0.00695 -0.00056 0.00558 -0.01629 -0.03388 -0.00784 -0.00451 -0.00069 0.00265 -0.01157 0.00970 0.34439 0.00331 -0.02060 -0.01631 0.02455 0.00283 -0.00429 -0.01370 0.00413 -0.01996 -0.02039 -0.02750 0.00137 -0.03519 -0.01480 0.02215 -0.01263 -0.00468 0.03489
-0.01168 -0.05700 -0.02198 0.01717 0.03852 -0.02416 0.01472 -0.02585 0.01503 -0.01050 0.02741 -0.03184 0.01074 0.01322 -0.01488 -0.00069 0.01397 -0.03521 -0.03344 -0.02194 0.04010 0.00778 -0.00721 -0.02875 0.00506 -0.01027 -0.03893 -0.01243 0.01881 0.03781 -0.00847 -0.00331 0.69723 0.01130 0.03120 0.00820 -0.01440 0.00328 -0.05358 0.02443 0.05321 -0.01776 -0.01058 -0.03644 -0.02249 -0.01871 0.00790 -0.01148 -0.01739 -0.00619
0.02887 0.04357 0.02116 -0.05980 -0.05441 0.02408 0.01483 0.00232 -0.03164 -0.00968 -0.03019 0.01150 -0.01394 -0.00279 0.01662 0.01341 -0.01228 0.00048 0.04269 0.05109 -0.04209 -0.01685 0.01525 0.02969 -0.02902 0.01454 0.01420 0.01014 -0.01546 -0.01733 -0.00054 0.02060 -0.01130 0.44308 -0.00906 -0.01168 0.01599 -0.01042 0.04490 0.01188 -0.03859 0.03470 0.00399 0.03744 0.05302 0.00385 -0.03412 -0.00716 0.01196 -0.00702
0.04552 0.03174 0.00794 -0.03513 -0.02518 0.00884 0.00249 0.04356 -0.00904 0.03546 -0.04281 0.04613 -0.01625 -0.03374 -0.01494 -0.01216 -0.02598 0.01764 0.02983 0.02940 -0.00763 -0.02484 -0.00142 0.04920 0.00737 0.03001 0.02369 0.03486 -0.03890 -0.02940 0.00017 0.01631 -0.03120 0.00906 0.88472 -0.01523 0.01851 -0.00263 0.03533 -0.02362 -0.05398 0.01698 -0.01189 0.03748 0.01483 -0.00641 -0.03370 0.03791 0.03096 0.03148
-0.01956 -0.01253 -0.04073 -0.01053 -0.00171 -0.00706 0.03415 -0.02925 -0.00130 -0.01209 0.00716 -0.04514 -0.00576 0.00248 -0.03809 -0.01213 0.01475 -0.00930 -0.00919 -0.01123 0.01133 0.01338 0.01238 -0.02542 0.01927 -0.02535 -0.00679 -0.01265 0.01525 0.02617 -0.02267 -0.02455 -0.00820 0.01168 0.01523 0.49010 -0.02313 -0.00528 -0.01820 0.01798 0.04466 -0.02160 -0.00651 -0.01614 -0.01872 -0.01196 0.00424 -0.01381 -0.01616 -0.00214
-0.00034 0.00493 0.00443 -0.00841 -0.00002 0.00046 0.01154 0.00982 -0.01097 -0.01062 0.00537 0.00145 -0.00484 0.01917 0.00859 -0.00395 0.00361 -0.00678 -0.01510 0.00075 0.00032 -0.01046 0.01632 0.00459 -0.00100 0.00931 0.00906 -0.01263 -0.00392 0.00671 0.01053 -0.00283 0.01440 -0.01599 -0.01851 0.02313 0.99786 -0.00879 -0.02383 -0.01290 0.00287 0.00410 -0.00074 -0.00452 0.01495 0.00975 -0.00160 0.03046 -0.00232 0.02526
0.00563 0.02547 0.02421 -0.01001 -0.02421 -0.03726 0.04784 0.02463 0.06186 0.01003 -0.02509 -0.01978 0.03437 -0.00179 0.02634 0.05345 0.00638 -0.04414 0.03009 -0.00348 -0.00819 -0.03386 0.02340 0.02371 -0.02780 0.03230 -0.02678 -0.02068 0.02157 0.00660 0.00125 0.00429 -0.00328 0.01042 0.00263 0.00528 0.00879 0.51121 -0.00788 -0.00514 -0.00573 -0.00818 -0.02683 0.02205 -0.00802 -0.02170 0.00368 -0.01228 -0.02560 0.02148
0.01712 0.02792 0.01007 0.00177 -0.04251 0.00948 -0.00813 -0.00023 -0.02515 -0.00067 -0.04726 -0.00043 -0.00831 -0.00488 -0.00055 -0.01186 -0.02158 0.01660 0.04386 -0.00563 -0.03122 -0.01223 -0.00524 0.04031 0.02411 0.00083 0.03148 -0.00592 -0.00949 0.00937 0.01090 0.01370 0.05358 -0.04490 -0.03533 0.01820 0.02383 0.00788 0.28702 -0.01872 -0.03813 0.00805 -0.01429 0.02156 0.02457 -0.00496 0.01980 0.00487 0.03483 0.05293
0.00220 -0.00961 -0.00410 0.00526 0.01077 -0.00263 -0.01406 -0.03308 0.02337 0.00176 -0.02062 -0.01580 0.00002 -0.00541 -0.01055 0.00194 0.02148 -0.01366 0.02015 -0.00110 -0.00948 0.00340 0.00890 0.00946 -0.01333 -0.01091 -0.00232 -0.01092 0.01274 0.02409 -0.03257 -0.00413 -0.02443 -0.01188 0.02362 -0.01798 0.01290 0.00514 0.01872 0.96984 -0.01349 0.00959 -0.03482 0.00871 -0.01466 -0.02410 0.00406 -0.00657 0.01295 0.02473
0.04192 -0.05067 0.03747 -0.03073 -0.02931 0.01442 -0.02044 0.02365 -0.01402 0.02209 0.04572 -0.00223 -0.02639 -0.02101 -0.04233 -0.02228 -0.02466 0.01026 -0.03695 0.03173 0.04008 -0.02711 -0.01718 0.02484 0.00569 0.02006 0.00649 0.05284 -0.04598 -0.00941 0.04793 0.01996 -0.05321 0.03859 0.05398 -0.04466 -0.00287 0.00573 0.03813 0.01349 1.02484 0.03156 0.03731 0.03553 0.00666 0.02160 -0.02744 0.03190 -0.01232 -0.03436
0.02868 0.03197 0.02885 -0.02736 -0.04399 0.00610 -0.01322 0.03673 -0.02536 0.02629 -0.01644 0.00239 -0.02593 -0.03483 0.02584 0.00291 -0.01353 -0.00565 0.00596 -0.00164 -0.01603 -0.01628 0.03983 0.01155 0.01526 0.02172 0.01845 -0.00289 0.00035 0.00034 0.00541 0.02039 0.01776 -0.03470 -0.01698 0.02160 -0.00410 0.00818 -0.00805 -0.00959 -0.03156 0.78296 -0.00658 0.02527 0.00991 -0.00154 0.00629 0.00218 0.01636 0.00539
0.04252 -0.01731 0.03441 -0.04822 -0.04353 0.02123 -0.02269 0.04411 -0.00082 0.02651 -0.00460 -0.00856 0.01271 -0.02547 -0.02387 0.01540 -0.00063 -0.01606 -0.00922 0.02019 0.01545 -0.03290 -0.02196 0.00520 0.02775 0.02188 0.02447 0.01769 0.01124 0.00560 0.02138 0.02750 0.01058 -0.00399 0.01189 0.00651 0.00074 0.02683 0.01429 0.03482 -0.03731 0.00658 0.91905 0.04645 0.04560 0.00526 0.00524 -0.01732 0.02586 -0.03531
0.05598 0.03456 0.00600 0.06663 -0.01807 -0.00245 0.00952 0.00807 -0.00025 -0.00482 -0.03559 0.01801 0.02522 -0.02071 0.03539 0.00691 0.00123 -0.00243 0.02629 -0.02368 -0.04383 0.02245 -0.00679 0.02466 0.00055 -0.00895 -0.01823 -0.01769 0.01002 0.03477 -0.00511 -0.00137 0.03644 -0.03744 -0.03748 0.01614 0.00452 -0.02205 -0.02156 -0.00871 -0.03553 -0.02527 -0.04645 0.30362 0.00912 -0.01231 0.05242 -0.01370 0.00993 0.02182
0.04678 -0.00508 0.02017 0.03166 0.00327 0.01914 -0.01793 -0.00469 -0.02712 0.00242 -0.01661 0.00429 0.00637 -0.05218 0.00082 -0.02071 0.00330 0.00578 0.01838 -0.03613 -0.01934 -0.01337 0.00362 0.01776 0.03901 -0.00185 0.01401 -0.00211 0.01195 0.02209 0.02871 0.03519 0.02249 -0.05302 -0.01483 0.01872 -0.01495 0.00802 -0.02457 0.01466 -0.00666 -0.00991 -0.04560 -0.00912 0.54485 0.00914 0.04864 -0.04726 0.07151 -0.01775
-0.00291 0.01425 0.04605 -0.00550 -0.01610 0.00785 0.00121 -0.00687 0.03127 0.02996 -0.00613 -0.01178 0.01718 0.01682 0.02455 0.03613 0.01482 0.00076 0.01380 0.00264 -0.02602 -0.04525 0.02762 -0.01203 -0.04770 0.02569 -0.02963 0.00883 0.02200 -0.01256 -0.00071 0.01480 0.01871 -0.00385 0.00641 0.01196 -0.00975 0.02170 0.00496 0.02410 -0.02160 0.00154 -0.00526 0.01231 -0.00914 0.30888 0.00223 -0.02223 -0.02149 0.00663
-0.02232 -0.03216 -0.02378 0.03993 0.04681 -0.00262 0.00587 -0.03629 -0.00272 -0.00549 0.02720 -0.04164 0.01673 0.02020 -0.01657 -0.00688 0.00986 -0.01095 -0.03589 -0.00841 0.01309 0.02599 -0.00894 -0.04377 -0.01040 -0.03065 -0.03108 0.00650 0.02726 0.03492 -0.01934 -0.02215 -0.00790 0.03412 0.03370 -0.00424 0.00160 -0.00368 -0.01980 -0.00406 0.02744 -0.00629 -0.00524 -0.05242 -0.04864 -0.00223 0.80039 -0.01273 -0.03192 -0.00872
0.00691 0.03613 0.02076 0.00027 -0.02236 0.00216 0.01214 0.03682 0.00994 -0.00664 0.00371 0.01176 0.00178 -0.02547 0.03786 -0.00958 -0.01251 -0.01044 0.02161 -0.00488 -0.03494 -0.01167 0.00253 0.00677 -0.00013 0.01396 -0.00963 0.01001 -0.00216 -0.02426 0.01833 0.01263 0.01148 0.00716 -0.03791 0.01381 -0.03046 0.01228 -0.00487 0.00657 -0.03190 -0.00218 0.01732 0.01370 0.04726 0.02223 0.01273 0.85648 -0.00300 -0.01083
0.00415 -0.00040 0.03050 0.03532 0.01745 0.03023 -0.02012 -0.01853 -0.00993 0.03495 -0.02076 -0.00008 -0.01017 -0.02339 0.01952 -0.02255 -0.01317 0.02800 0.01396 -0.02967 -0.00683 -0.01772 -0.02575 -0.04802 0.04147 0.01815 0.00760 0.00899 -0.00859 0.02775 0.00344 0.00468 0.01739 -0.01196 -0.03096 0.01616 0.00232 0.02560 -0.03483 -0.01295 0.01232 -0.01636 -0.02586 -0.00993 -0.07151 0.02149 0.03192 0.00300 0.15379 0.10912
-0.03363 0.05723 -0.03923 0.01268 0.03252 -0.04852 0.03898 -0.03177 0.02851 -0.03785 0.01454 -0.03825 -0.01022 0.04655 0.02221 0.01271 0.00267 -0.00242 -0.02814 -0.00859 -0.02953 0.02101 0.00707 -0.00847 -0.04786 -0.03075 -0.07558 -0.04487 0.00855 -0.04060 -0.01252 -0.03489 0.00619 0.00702 -0.03148 0.00214 -0.02526 -0.02148 -0.05293 -0.02473 0.03436 -0.00539 0.03531 -0.02182 0.01775 -0.00663 0.00872 0.01083 -0.10912 0.91127
