0.16034 0.02384 0.02587 0.00880 -0.00401 0.00269 0.00283 -0.00038 -0.01123 -0.00090 -0.02115 0.00586 -0.01092 0.00527 -0.00123 0.01162 -0.01106 0.00430 -0.00723 0.00995
-0.02384 0.83217 -0.00786 0.00148 -0.01025 -0.01154 0.01564 0.00972 -0.00601 -0.00269 -0.00336 -0.00594 0.01027 -0.01290 0.00619 0.00116 0.00688 0.01776 0.00053 -0.01516
-0.02587 0.00786 0.13763 0.00631 -0.00019 -0.01208 -0.01152 0.01465 0.00111 -0.00424 0.00201 0.01223 0.02672 -0.01056 -0.00154 0.00735 0.02259 0.01796 -0.00252 -0.02096
-0.00880 -0.00148 -0.00631 0.47988 -0.00901 -0.01312 -0.00153 -0.00610 0.01358 0.00412 -0.00977 0.00946 0.00158 0.00790 -0.00677 0.00514 -0.00556 -0.00255 0.00521 0.02289
0.00401 0.01025 0.00019 0.00901 0.72055 0.00380 -0.00347 0.00360 -0.00729 -0.00807 0.00561 0.02099 -0.00738 -0.00432 -0.01944 -0.02108 0.00840 0.00926 0.01819 -0.01798
-0.00269 0.01154 0.01208 0.01312 -0.00380 0.69677 -0.00920 0.00631 -0.00350 0.00432 -0.00381 -0.00577 0.01325 0.00532 0.00804 0.01653 -0.02302 -0.01338 -0.01404 0.01636
-0.00283 -0.01564 0.01152 0.00153 0.00347 0.00920 0.37821 -0.01637 0.00952 -0.00680 0.01712 0.01415 -0.01907 -0.02415 -0.00725 -0.01165 0.00345 -0.00314 0.01085 0.00758
0.00038 -0.00972 -0.01465 0.00610 -0.00360 -0.00631 0.01637 0.60090 0.03068 0.01248 -0.00055 -0.00195 -0.01637 -0.00046 -0.00963 0.00072 0.01502 0.01567 0.00882 -0.01733
0.01123 0.00601 -0.00111 -0.01358 0.00729 0.00350 -0.00952 -0.03068 0.66108 0.00747 -0.00066 0.01158 -0.00914 -0.01804 0.01530 0.00310 -0.00328 -0.00641 -0.01084 0.01592
0.00090 0.00269 0.00424 -0.00412 0.00807 -0.00432 0.00680 -0.01248 -0.00747 0.07807 -0.01365 0.00466 -0.00501 0.01041 -0.02283 -0.00071 0.00211 -0.01264 -0.01813 0.01410
0.02115 0.00336 -0.00201 0.00977 -0.00561 0.00381 -0.01712 0.00055 0.00066 0.01365 0.81198 -0.00389 -0.01261 0.01011 0.01295 0.00701 -0.00776 -0.00495 -0.00946 -0.00044
-0.00586 0.00594 -0.01223 -0.00946 -0.02099 0.00577 -0.01415 0.00195 -0.01158 -0.00466 0.00389 0.81582 -0.01157 -0.00494 -0.00065 0.00651 -0.00624 -0.00494 -0.00953 0.00997
0.01092 -0.01027 -0.02672 -0.00158 0.00738 -0.01325 0.01907 0.01637 0.00914 0.00501 0.01261 0.01157 0.22758 -0.00616 -0.01619 0.01007 0.01730 0.00945 0.01845 -0.01179
-0.00527 0.01290 0.01056 -0.00790 0.00432 -0.00532 0.02415 0.00046 0.01804 -0.01041 -0.01011 0.00494 0.00616 0.78279 -0.01596 0.01596 -0.00681 0.00475 -0.00260 -0.00599
0.00123 -0.00619 0.00154 0.00677 0.01944 -0.00804 0.00725 0.00963 -0.01530 0.02283 -0.01295 0.00065 0.01619 0.01596 0.13609 0.00556 0.01604 0.00460 0.00401 0.00135
-0.01162 -0.00116 -0.00735 -0.00514 0.02108 -0.01653 0.01165 -0.00072 -0.00310 0.00071 -0.00701 -0.00651 -0.01007 -0.01596 -0.00556 0.72184 -0.00766 0.01651 -0.00749 0.00624
0.01106 -0.00688 -0.02259 0.00556 -0.00840 0.02302 -0.00345 -0.01502 0.00328 -0.00211 0.00776 0.00624 -0.01730 0.00681 -0.01604 0.00766 0.21928 -0.01926 -0.00010 -0.01026
-0.00430 -0.01776 -0.01796 0.00255 -0.00926 0.01338 0.00314 -0.01567 0.00641 0.01264 0.00495 0.00494 -0.00945 -0.00475 -0.00460 -0.01651 0.01926 1.01176 0.01462 -0.02268
0.00723 -0.00053 0.00252 -0.00521 -0.01819 0.01404 -0.01085 -0.00882 0.01084 0.01813 0.00946 0.00953 -0.01845 0.00260 -0.00401 0.00749 0.00010 -0.01462 0.84315 0.00711
-0.00995 0.01516 0.02096 -0.02289 0.01798 -0.01636 -0.00758 0.01733 -0.01592 -0.01410 0.00044 -0.00997 0.01179 0.00599 -0.00135 -0.00624 0.01026 0.02268 -0.00711 0.88789
