0.14789 0.01990 0.02464 0.01196 -0.00440 0.00189 -0.02188 0.00055 -0.01241 0.00158 -0.02221 0.00879 -0.01058 -0.00050 -0.00093 0.00836 -0.00709 -0.00166 -0.00448 0.00051
-0.01990 0.86413 -0.00362 0.00145 -0.00980 -0.01193 0.01609 0.00912 -0.00757 -0.01557 -0.00344 -0.00799 0.01262 -0.01211 0.00706 0.00857 -0.01169 0.01774 -0.00344 -0.02928
-0.02464 0.00362 0.14605 0.00481 -0.00015 -0.00933 -0.01276 0.01312 -0.00630 -0.00521 -0.00421 0.01203 0.03506 -0.00946 0.00387 0.01122 0.02070 0.01627 -0.00312 -0.02818
-0.01196 -0.00145 -0.00481 0.47814 -0.00529 -0.01664 -0.00588 -0.00264 0.01011 0.00293 -0.01347 0.01447 0.00416 0.00951 -0.00548 0.00521 -0.00238 -0.00402 0.00791 0.01607
0.00440 0.00980 0.00015 0.00529 0.72856 0.00583 -0.00210 0.00249 -0.00749 -0.00989 0.00678 0.01858 -0.00863 -0.00436 -0.01929 -0.02033 0.00116 0.00858 0.01377 -0.01889
-0.00189 0.01193 0.00933 0.01664 -0.00583 0.75059 -0.01098 0.00662 0.00134 0.01318 0.00150 -0.00414 0.00715 0.00411 0.00605 0.00722 -0.01574 -0.01269 -0.01147 0.02011
0.02188 -0.01609 0.01276 0.00588 0.00210 0.01098 0.37534 -0.01805 0.01237 -0.00618 0.02445 0.01035 -0.02072 -0.02713 -0.00928 -0.01216 -0.00080 0.00139 0.00996 0.00750
-0.00055 -0.00912 -0.01312 0.00264 -0.00249 -0.00662 0.01805 0.61867 0.02368 0.00780 -0.01268 -0.00221 -0.00533 0.00222 -0.00706 0.01356 0.01122 0.01521 0.00735 -0.02028
0.01241 0.00757 0.00630 -0.01011 0.00749 -0.00134 -0.01237 -0.02368 0.66970 0.00775 0.01906 0.01067 -0.00505 -0.02081 0.01136 0.00163 -0.00428 -0.00737 -0.01021 0.01636
-0.00158 0.01557 0.00521 -0.00293 0.00989 -0.01318 0.00618 -0.00780 -0.00775 0.10644 -0.01589 0.00690 -0.00309 0.01114 -0.02544 -0.00111 0.01204 -0.01227 -0.01470 0.01978
0.02221 0.00344 0.00421 0.01347 -0.00678 -0.00150 -0.02445 0.01268 -0.01906 0.01589 0.82124 -0.00220 -0.00503 0.01170 0.01836 0.00466 -0.00409 -0.00464 -0.00640 0.00127
-0.00879 0.00799 -0.01203 -0.01447 -0.01858 0.00414 -0.01035 0.00221 -0.01067 -0.00690 0.00220 0.81490 -0.01006 -0.00538 -0.00229 0.00769 -0.00632 -0.00587 -0.01269 0.01321
0.01058 -0.01262 -0.03506 -0.00416 0.00863 -0.00715 0.02072 0.00533 0.00505 0.00309 0.00503 0.01006 0.24392 -0.00630 -0.01170 0.01200 0.01491 0.00863 0.01591 -0.01294
0.00050 0.01211 0.00946 -0.00951 0.00436 -0.00411 0.02713 -0.00222 0.02081 -0.01114 -0.01170 0.00538 0.00630 0.77500 -0.00926 0.01732 -0.00849 0.00565 -0.00415 -0.00838
0.00093 -0.00706 -0.00387 0.00548 0.01929 -0.00605 0.00928 0.00706 -0.01136 0.02544 -0.01836 0.00229 0.01170 0.00926 0.11601 0.00549 0.01877 0.00143 0.00406 0.00015
-0.00836 -0.00857 -0.01122 -0.00521 0.02033 -0.00722 0.01216 -0.01356 -0.00163 0.00111 -0.00466 -0.00769 -0.01200 -0.01732 -0.00549 0.75019 -0.01321 0.01346 -0.00794 -0.01090
0.00709 0.01169 -0.02070 0.00238 -0.00116 0.01574 0.00080 -0.01122 0.00428 -0.01204 0.00409 0.00632 -0.01491 0.00849 -0.01877 0.01321 0.22527 -0.01385 -0.00702 0.01952
0.00166 -0.01774 -0.01627 0.00402 -0.00858 0.01269 -0.00139 -0.01521 0.00737 0.01227 0.00464 0.00587 -0.00863 -0.00565 -0.00143 -0.01346 0.01385 1.01421 0.01222 -0.02440
0.00448 0.00344 0.00312 -0.00791 -0.01377 0.01147 -0.00996 -0.00735 0.01021 0.01470 0.00640 0.01269 -0.01591 0.00415 -0.00406 0.00794 0.00702 -0.01222 0.85067 0.02189
-0.00051 0.02928 0.02818 -0.01607 0.01889 -0.02011 -0.00750 0.02028 -0.01636 -0.01978 -0.00127 -0.01321 0.01294 0.00838 -0.00015 0.01090 -0.01952 0.02440 -0.02189 0.94215
