1.00375 -0.03211 -0.03904 -0.00602 0.00049 -0.02349 -0.02315 0.03057 -0.00287 -0.03640 0.01366 -0.05147 -0.04227 0.08688 0.00106 -0.00150 -0.00710 -0.04158 0.04844 -0.03218
0.03211 0.00000 -0.07704 0.14655 0.06423 0.04906 -0.17768 -0.02944 -0.01835 -0.27440 0.00014 -0.00817 0.24104 0.10580 -0.09257 0.01986 0.33205 0.08951 0.21090 -0.16420
0.03904 0.07704 0.20535 -0.05857 0.07209 0.16579 0.08861 0.18418 -0.02026 -0.09448 -0.02395 0.14683 -0.19393 0.15856 -0.07068 0.12168 -0.13569 -0.10842 -0.11598 -0.02592
0.00602 -0.14655 0.05857 0.00000 -0.04448 0.04210 -0.11790 0.00675 0.01430 -0.01173 -0.00063 -0.23445 0.05588 0.14843 0.20646 -0.37122 -0.00740 -0.02969 -0.08536 -0.03039
-0.00049 -0.06423 -0.07209 0.04448 0.89400 -0.01788 0.11638 0.11070 0.02476 -0.03905 0.00376 -0.04658 -0.09144 0.07563 0.05189 -0.02983 0.01777 0.09419 -0.05650 0.01517
0.02349 -0.04906 -0.16579 -0.04210 0.01788 0.00000 -0.12885 0.08269 -0.01437 -0.21770 -0.00088 -0.13606 0.21388 -0.05253 -0.23784 0.02803 0.13522 0.02448 -0.00506 0.25804
0.02315 0.17768 -0.08861 0.11790 -0.11638 0.12885 1.03127 -0.31447 0.00912 -0.03776 -0.00153 0.11553 0.12162 0.18401 -0.09440 0.13004 0.04763 -0.08761 -0.24555 -0.09271
-0.03057 0.02944 -0.18418 -0.00675 -0.11070 -0.08269 0.31447 0.00000 0.02122 0.13105 0.00711 -0.00141 0.38903 0.21379 -0.11406 0.15606 -0.29826 0.02923 -0.07143 -0.16379
0.00287 0.01835 0.02026 -0.01430 -0.02476 0.01437 -0.00912 -0.02122 1.00956 0.07348 -0.02013 0.04444 0.02515 -0.02832 -0.00959 -0.01832 -0.02910 0.07593 -0.06462 0.00160
0.03640 0.27440 0.09448 0.01173 0.03905 0.21770 0.03776 -0.13105 -0.07348 0.00000 -0.02207 0.21491 0.16288 -0.23065 -0.15496 -0.15339 0.00607 0.02584 -0.03125 0.19960
-0.01366 -0.00014 0.02395 0.00063 -0.00376 0.00088 0.00153 -0.00711 0.02013 0.02207 1.00596 0.00864 0.00311 -0.02652 0.01071 -0.00014 -0.00172 0.01461 0.00203 0.01049
0.05147 0.00817 -0.14683 0.23445 0.04658 0.13606 -0.11553 0.00141 -0.04444 -0.21491 -0.00864 0.37706 0.01375 0.11255 0.12724 -0.05218 -0.12274 0.02781 0.11464 -0.13527
0.04227 -0.24104 0.19393 -0.05588 0.09144 -0.21388 -0.12162 -0.38903 -0.02515 -0.16288 -0.00311 -0.01375 0.61361 -0.20488 -0.08792 -0.09699 -0.08547 -0.02320 -0.03395 -0.12919
-0.08688 -0.10580 -0.15856 -0.14843 -0.07563 0.05253 -0.18401 -0.21379 0.02832 0.23065 0.02652 -0.11255 0.20488 0.00000 0.19836 -0.03984 -0.08710 0.06071 -0.18368 -0.11795
-0.00106 0.09257 0.07068 -0.20646 -0.05189 0.23784 0.09440 0.11406 0.00959 0.15496 -0.01071 -0.12724 0.08792 -0.19836 0.00000 -0.25035 -0.17421 -0.08819 0.24047 -0.02918
0.00150 -0.01986 -0.12168 0.37122 0.02983 -0.02803 -0.13004 -0.15606 0.01832 0.15339 0.00014 0.05218 0.09699 0.03984 0.25035 0.00000 0.17760 -0.04195 -0.08689 0.01016
0.00710 -0.33205 0.13569 0.00740 -0.01777 -0.13522 -0.04763 0.29826 0.02910 -0.00607 0.00172 0.12274 0.08547 0.08710 0.17421 -0.17760 0.87309 -0.07873 -0.46229 0.08087
0.04158 -0.08951 0.10842 0.02969 -0.09419 -0.02448 0.08761 -0.02923 -0.07593 -0.02584 -0.01461 -0.02781 0.02320 -0.06071 0.08819 0.04195 0.07873 0.96012 -0.02053 0.00115
-0.04844 -0.21090 0.11598 0.08536 0.05650 0.00506 0.24555 0.07143 0.06462 0.03125 -0.00203 -0.11464 0.03395 0.18368 -0.24047 0.08689 0.46229 0.02053 0.00000 -0.19949
0.03218 0.16420 0.02592 0.03039 -0.01517 -0.25804 0.09271 0.16379 -0.00160 -0.19960 -0.01049 0.13527 0.12919 0.11795 0.02918 -0.01016 -0.08087 -0.00115 0.19949 0.00000
