0.99815 -0.04695 -0.02857 -0.01416 0.00713 -0.01178 -0.01748 0.03839 -0.01648 -0.06487 0.00734 -0.05683 -0.05438 0.11523 -0.00897 0.00842 -0.01771 -0.04431 0.03889 -0.02451
0.04695 0.00000 -0.12928 -0.03483 0.03313 -0.03907 -0.22553 0.06569 -0.01018 -0.26273 0.00750 -0.22326 0.18472 -0.15748 -0.04147 0.08100 0.16681 0.03016 0.07456 -0.29048
0.02857 0.12928 0.13275 -0.05105 -0.01096 -0.01147 0.13260 0.05173 -0.02519 -0.15342 -0.03787 0.21742 -0.13373 0.30677 -0.05454 -0.10280 -0.03790 -0.12759 -0.24483 -0.13707
0.01416 0.03483 0.05105 0.00000 -0.03043 -0.20716 -0.01703 -0.05303 -0.00728 0.13465 0.00052 -0.12637 0.08927 0.03238 0.09349 -0.32940 0.14010 -0.01987 -0.13695 0.03010
-0.00713 -0.03313 0.01096 0.03043 0.91271 -0.01361 0.13523 0.03937 0.00916 -0.06648 0.00592 -0.00323 -0.01066 -0.01773 0.03644 -0.02526 0.06633 0.07170 0.01196 0.03797
0.01178 0.03907 0.01147 0.20716 0.01361 0.00000 -0.04005 0.14194 -0.00764 -0.11249 0.00578 0.08328 0.20251 -0.15956 -0.32541 0.08959 0.24076 0.02849 -0.05115 0.06150
0.01748 0.22553 -0.13260 0.01703 -0.13523 0.04005 1.09823 -0.11540 -0.00126 0.04167 -0.00046 0.16613 0.12006 -0.06709 -0.00374 -0.03087 -0.05468 -0.11503 -0.19533 -0.05185
-0.03839 -0.06569 -0.05173 0.05303 -0.03937 -0.14194 0.11540 0.00000 0.02137 0.08314 -0.00209 0.08728 0.34805 0.33438 0.02773 0.12686 -0.31856 0.02747 -0.01308 0.01747
0.01648 0.01018 0.02519 0.00728 -0.00916 0.00764 0.00126 -0.02137 1.00297 0.05802 -0.01253 0.02817 0.02789 -0.06490 0.01255 -0.00203 0.01027 0.07886 -0.01424 0.02579
0.06487 0.26273 0.15342 -0.13465 0.06648 0.11249 -0.04167 -0.08314 -0.05802 0.00000 -0.02360 0.21181 0.03209 0.03382 -0.22248 -0.13116 0.05274 0.02502 0.06823 0.01186
-0.00734 -0.00750 0.03787 -0.00052 -0.00592 -0.00578 0.00046 0.00209 0.01253 0.02360 1.00454 0.00288 0.00030 -0.02351 -0.00270 0.00321 0.00481 0.01322 0.00975 0.00139
0.05683 0.22326 -0.21742 0.12637 0.00323 -0.08328 -0.16613 -0.08728 -0.02817 -0.21181 -0.00288 0.21814 0.05858 0.04190 -0.06251 -0.13540 -0.15477 0.03783 -0.02344 -0.26883
0.05438 -0.18472 0.13373 -0.08927 0.01066 -0.20251 -0.12006 -0.34805 -0.02789 -0.03209 -0.00030 -0.05858 0.15177 -0.12456 0.08603 0.01793 -0.06277 -0.00567 -0.03201 -0.11198
-0.11523 0.15748 -0.30677 -0.03238 0.01773 0.15956 0.06709 -0.33438 0.06490 -0.03382 0.02351 -0.04190 0.12456 0.00000 0.03289 -0.02155 -0.01632 0.12541 -0.16283 -0.10565
0.00897 0.04147 0.05454 -0.09349 -0.03644 0.32541 0.00374 -0.02773 -0.01255 0.22248 0.00270 0.06251 -0.08603 -0.03289 0.00000 -0.14005 -0.27793 0.00630 -0.11686 -0.04148
-0.00842 -0.08100 0.10280 0.32940 0.02526 -0.08959 0.03087 -0.12686 0.00203 0.13116 -0.00321 0.13540 -0.01793 0.02155 0.14005 0.00000 0.15042 -0.02388 0.15978 -0.17011
0.01771 -0.16681 0.03790 -0.14010 -0.06633 -0.24076 0.05468 0.31856 -0.01027 -0.05274 -0.00481 0.15477 0.06277 0.01632 0.27793 -0.15042 0.59491 -0.01629 -0.36143 -0.05945
0.04431 -0.03016 0.12759 0.01987 -0.07170 -0.02849 0.11503 -0.02747 -0.07886 -0.02502 -0.01322 -0.03783 0.00567 -0.12541 -0.00630 0.02388 0.01629 0.95177 0.04475 -0.03033
-0.03889 -0.07456 0.24483 0.13695 -0.01196 0.05115 0.19533 0.01308 0.01424 -0.06823 -0.00975 0.02344 0.03201 0.16283 0.11686 -0.15978 0.36143 -0.04475 0.00000 -0.08729
0.02451 0.29048 0.13707 -0.03010 -0.03797 -0.06150 0.05185 -0.01747 -0.02579 -0.01186 -0.00139 0.26883 0.11198 0.10565 0.04148 0.17011 0.05945 0.03033 0.08729 0.00000
