1.04939 -0.12318 -0.05997 -0.00338 0.00001 -0.02664 0.01349 -0.00758 0.01079 -0.11532 0.01570 -0.07627 -0.07945 0.16925 -0.01232 0.07368 -0.03880 -0.01671 -0.00191 -0.11521
0.12318 0.31068 -0.07781 -0.07061 0.12017 0.12764 -0.10855 0.02672 0.00126 -0.35601 -0.01041 0.04544 0.22020 -0.05498 -0.01740 -0.01670 0.07437 -0.03820 0.00482 0.04632
0.05997 0.07781 0.40074 0.00941 -0.00076 0.04790 0.01892 -0.02849 0.01966 -0.05380 -0.02067 0.01571 0.04205 -0.03721 0.04869 0.07059 0.02788 -0.11702 0.03630 0.03998
0.00338 0.07061 -0.00941 0.00000 -0.01707 0.13060 -0.07244 0.02447 -0.00968 0.08208 -0.01717 0.02358 0.07828 0.08318 0.12055 0.05973 0.05165 -0.02040 -0.05345 -0.01965
-0.00001 -0.12017 0.00076 0.01707 0.90609 -0.02631 0.08512 0.15693 0.00706 -0.00766 0.01081 -0.00997 -0.18725 0.05726 -0.06469 0.03035 -0.07314 0.06700 -0.05233 -0.06550
0.02664 -0.12764 -0.04790 -0.13060 0.02631 0.28348 -0.03332 0.08615 -0.05608 -0.13353 0.00295 -0.13378 0.16933 0.03702 -0.18792 0.03756 -0.02120 0.10521 0.05884 0.06018
-0.01349 0.10855 -0.01892 0.07244 -0.08512 0.03332 1.02095 -0.24081 0.04481 0.02132 -0.00655 0.04674 0.11083 0.15908 0.08455 0.09943 0.09755 -0.04780 -0.13203 -0.14666
0.00758 -0.02672 0.02849 -0.02447 -0.15693 -0.08615 0.24081 0.00000 0.08882 0.20701 -0.01637 -0.02997 0.59959 -0.00242 0.05189 0.03778 -0.22474 0.08135 0.10014 -0.25266
-0.01079 -0.00126 -0.01966 0.00968 -0.00706 0.05608 -0.04481 -0.08882 0.97257 0.07803 -0.01325 0.12572 0.05183 0.03765 0.04806 0.03838 -0.07281 0.01508 -0.16967 -0.06983
0.11532 0.35601 0.05380 -0.08208 0.00766 0.13353 -0.02132 -0.20701 -0.07803 0.00000 -0.02324 0.18312 0.21563 -0.26466 -0.05139 -0.15905 0.05571 -0.01690 -0.07522 0.27691
-0.01570 0.01041 0.02067 0.01717 -0.01081 -0.00295 0.00655 0.01637 0.01325 0.02324 1.00455 0.00904 -0.00377 -0.01536 -0.00191 -0.00038 -0.00200 0.01811 0.01120 0.00768
0.07627 -0.04544 -0.01571 -0.02358 0.00997 0.13378 -0.04674 0.02997 -0.12572 -0.18312 -0.00904 0.55309 -0.01076 -0.09039 0.08981 0.00909 -0.12818 0.03065 0.05090 0.06760
0.07945 -0.22020 -0.04205 -0.07828 0.18725 -0.16933 -0.11083 -0.59959 -0.05183 -0.21563 0.00377 0.01076 0.95425 -0.23697 -0.11683 0.03629 -0.10577 -0.00154 -0.01481 0.01449
-0.16925 0.05498 0.03721 -0.08318 -0.05726 -0.03702 -0.15908 0.00242 -0.03765 0.26466 0.01536 0.09039 0.23697 0.21308 0.00450 0.01740 -0.01483 0.07001 -0.03276 -0.06306
0.01232 0.01740 -0.04869 -0.12055 0.06469 0.18792 -0.08455 -0.05189 -0.04806 0.05139 0.00191 -0.08981 0.11683 -0.00450 0.01509 -0.18261 -0.07726 0.03132 -0.02814 0.02581
-0.07368 0.01670 -0.07059 -0.05973 -0.03035 -0.03756 -0.09943 -0.03778 -0.03838 0.15905 0.00038 -0.00909 -0.03629 -0.01740 0.18261 0.03663 0.08021 0.00560 0.04485 0.07025
0.03880 -0.07437 -0.02788 -0.05165 0.07314 0.02120 -0.09755 0.22474 0.07281 -0.05571 0.00200 0.12818 0.10577 0.01483 0.07726 -0.08021 0.95334 -0.09908 -0.30633 0.05873
0.01671 0.03820 0.11702 0.02040 -0.06700 -0.10521 0.04780 -0.08135 -0.01508 0.01690 -0.01811 -0.03065 0.00154 -0.07001 -0.03132 -0.00560 0.09908 0.89804 -0.02692 -0.02509
0.00191 -0.00482 -0.03630 0.05345 0.05233 -0.05884 0.13203 -0.10014 0.16967 0.07522 -0.01120 -0.05090 0.01481 0.03276 0.02814 -0.04485 0.30633 0.02692 0.49317 -0.08115
0.11521 -0.04632 -0.03998 0.01965 0.06550 -0.06018 0.14666 0.25266 0.06983 -0.27691 -0.00768 -0.06760 -0.01449 0.06306 -0.02581 -0.07025 -0.05873 0.02509 0.08115 0.00000
