1.01143 -0.05132 -0.05001 0.01835 -0.00717 -0.03001 -0.03760 -0.00794 -0.00001 -0.03745 0.01635 -0.04886 -0.03459 0.13444 -0.01314 0.00254 -0.00121 -0.02545 -0.00576 -0.07747
0.05132 0.08085 -0.09858 0.19973 0.03623 0.04277 -0.16928 -0.08515 -0.08494 -0.19532 -0.02024 0.05940 0.30850 0.03819 -0.15341 -0.00302 0.35321 0.12085 0.14937 -0.18237
0.05001 0.09858 0.26790 -0.05801 0.04183 0.20530 0.08260 0.10207 0.00606 -0.07297 -0.02380 0.05512 -0.07090 0.00399 0.06163 0.22445 -0.08540 -0.17176 0.02197 0.11741
-0.01835 -0.19973 0.05801 0.00000 -0.05529 -0.06125 -0.11724 0.11142 0.04260 0.00225 0.01023 -0.29531 0.12988 0.15987 0.20806 -0.34304 0.09828 -0.08245 0.10556 -0.09105
0.00717 -0.03623 -0.04183 0.05529 0.90205 -0.02706 0.08980 0.04747 0.02980 -0.01548 0.00797 -0.00843 -0.19828 0.08159 -0.06602 0.11162 -0.06623 0.07001 -0.08853 -0.10252
0.03001 -0.04277 -0.20530 0.06125 0.02706 0.00000 -0.12000 0.04504 -0.07840 -0.20086 -0.01277 -0.08028 0.18683 -0.00942 -0.16010 -0.02720 0.11060 0.14279 -0.04038 0.27764
0.03760 0.16928 -0.08260 0.11724 -0.08980 0.12000 1.00497 -0.36313 -0.00760 -0.02097 -0.00364 0.10903 0.15483 0.19098 -0.05860 0.16982 0.09831 -0.05982 -0.30491 -0.16759
0.00794 0.08515 -0.10207 -0.11142 -0.04747 -0.04504 0.36313 0.00000 0.10575 0.10837 0.00835 -0.07907 0.42121 0.04817 0.02478 0.21721 -0.22702 -0.05579 0.01812 -0.18947
0.00001 0.08494 -0.00606 -0.04260 -0.02980 0.07840 0.00760 -0.10575 0.99551 0.08595 -0.01682 0.11896 0.02646 0.00999 -0.04539 0.09371 -0.07459 0.02894 -0.18574 -0.04080
0.03745 0.19532 0.07297 -0.00225 0.01548 0.20086 0.02097 -0.10837 -0.08595 0.00000 -0.03002 0.14842 0.16985 -0.26383 0.02036 -0.15669 0.03910 -0.02205 -0.11171 0.24152
-0.01635 0.02024 0.02380 -0.01023 -0.00797 0.01277 0.00364 -0.00835 0.01682 0.03002 1.00917 0.02390 0.00019 -0.04051 0.00148 0.01373 -0.01397 0.01695 -0.00738 0.01287
0.04886 -0.05940 -0.05512 0.29531 0.00843 0.08028 -0.10903 0.07907 -0.11896 -0.14842 -0.02390 0.39605 0.00846 0.03214 0.16492 0.00511 -0.05959 0.10406 0.18303 -0.15239
0.03459 -0.30850 0.07090 -0.12988 0.19828 -0.18683 -0.15483 -0.42121 -0.02646 -0.16985 -0.00019 -0.00846 0.66215 -0.24023 -0.09656 -0.05712 -0.17018 -0.01303 -0.10006 -0.03513
-0.13444 -0.03819 -0.00399 -0.15987 -0.08159 0.00942 -0.19098 -0.04817 -0.00999 0.26383 0.04051 -0.03214 0.24023 0.00000 0.08250 -0.03435 -0.04355 0.08144 -0.12342 -0.12667
0.01314 0.15341 -0.06163 -0.20806 0.06602 0.16010 0.05860 -0.02478 0.04539 -0.02036 -0.00148 -0.16492 0.09656 -0.08250 0.00000 -0.33876 -0.09825 -0.06666 -0.00230 0.14021
-0.00254 0.00302 -0.22445 0.34304 -0.11162 0.02720 -0.16982 -0.21721 -0.09371 0.15669 -0.01373 -0.00511 0.05712 0.03435 0.33876 0.00000 0.22453 0.09401 0.00702 0.09561
0.00121 -0.35321 0.08540 -0.09828 0.06623 -0.11060 -0.09831 0.22702 0.07459 -0.03910 0.01397 0.05959 0.17018 0.04355 0.09825 -0.22453 0.86300 -0.16032 -0.45874 0.08655
0.02545 -0.12085 0.17176 0.08245 -0.07001 -0.14279 0.05982 0.05579 -0.02894 0.02205 -0.01695 -0.10406 0.01303 -0.08144 0.06666 -0.09401 0.16032 0.90255 -0.01849 -0.05475
0.00576 -0.14937 -0.02197 -0.10556 0.08853 0.04038 0.30491 -0.01812 0.18574 0.11171 0.00738 -0.18303 0.10006 0.12342 0.00230 -0.00702 0.45874 0.01849 0.05984 -0.07527
0.07747 0.18237 -0.11741 0.09105 0.10252 -0.27764 0.16759 0.18947 0.04080 -0.24152 -0.01287 0.15239 0.03513 0.12667 -0.14021 -0.09561 -0.08655 0.05475 0.07527 0.00000
