0.99882 -0.03152 -0.04323 -0.02203 -0.00220 -0.00327 -0.01877 0.03064 -0.02644 -0.13131 0.01082 -0.04777 -0.05078 0.11798 -0.00974 0.00426 -0.01783 -0.04785 0.02795 -0.03485
0.03152 0.00000 -0.16041 0.05206 -0.01924 -0.01848 -0.13635 -0.01987 0.00163 -0.08332 -0.00889 -0.08918 0.09710 -0.32451 -0.03850 0.43629 0.24378 -0.00718 -0.02282 -0.33323
0.04323 0.16041 0.00000 -0.02352 -0.05367 -0.08697 0.20369 0.09488 -0.05332 -0.05638 -0.03310 0.25807 0.01026 0.26638 -0.10556 -0.04930 0.08694 -0.12077 -0.21244 -0.17259
0.02203 -0.05206 0.02352 0.00000 0.00404 -0.18552 -0.07946 -0.12900 -0.00244 0.07035 0.00029 -0.23087 -0.03351 0.05402 0.01883 -0.14754 0.27785 -0.00549 -0.14272 0.08333
0.00220 0.01924 0.05367 -0.00404 0.92058 -0.02540 0.12742 0.07650 0.01842 -0.01575 0.00303 -0.02246 -0.02335 -0.05142 0.02854 -0.05896 0.02119 0.04489 0.04224 0.01574
0.00327 0.01848 0.08697 0.18552 0.02540 0.00000 -0.04440 0.28985 -0.00392 -0.11282 0.00458 0.15457 0.08587 -0.10871 -0.21396 -0.03710 0.28301 -0.01026 0.05921 0.04983
0.01877 0.13635 -0.20369 0.07946 -0.12742 0.04440 1.01879 -0.15417 -0.00825 0.29400 -0.00522 0.13517 0.15204 -0.17668 -0.06965 0.13815 -0.01458 -0.11646 -0.09249 -0.00950
-0.03064 0.01987 -0.09488 0.12900 -0.07650 -0.28985 0.15417 0.00000 0.02199 0.07233 -0.01414 0.15543 0.35323 0.25003 -0.04599 0.22532 -0.23778 -0.03833 -0.05578 -0.01372
0.02644 -0.00163 0.05332 0.00244 -0.01842 0.00392 0.00825 -0.02199 1.00487 0.08476 -0.01658 0.02317 0.01807 -0.05954 -0.00848 -0.00334 -0.00024 0.05905 -0.01357 0.01680
0.13131 0.08332 0.05638 -0.07035 0.01575 0.11282 -0.29400 -0.07233 -0.08476 0.00000 -0.01068 0.17588 -0.04322 -0.14252 -0.12826 -0.07666 -0.06905 -0.00123 0.06879 -0.06567
-0.01082 0.00889 0.03310 -0.00029 -0.00303 -0.00458 0.00522 0.01414 0.01658 0.01068 1.00242 -0.00071 0.00228 -0.00969 -0.00037 -0.00319 0.00113 0.01551 0.00523 0.00301
0.04777 0.08918 -0.25807 0.23087 0.02246 -0.15457 -0.13517 -0.15543 -0.02317 -0.17588 0.00071 0.00000 0.03583 -0.18692 -0.01585 -0.10299 -0.14852 0.03210 -0.02923 -0.25248
0.05078 -0.09710 -0.01026 0.03351 0.02335 -0.08587 -0.15204 -0.35323 -0.01807 0.04322 -0.00228 -0.03583 0.00000 -0.04801 0.05928 0.14967 -0.03936 0.04407 -0.03408 -0.15743
-0.11798 0.32451 -0.26638 -0.05402 0.05142 0.10871 0.17668 -0.25003 0.05954 0.14252 0.00969 0.18692 0.04801 0.00000 -0.02876 -0.07951 -0.05768 0.03319 -0.11115 -0.17160
0.00974 0.03850 0.10556 -0.01883 -0.02854 0.21396 0.06965 0.04599 0.00848 0.12826 0.00037 0.01585 -0.05928 0.02876 0.00000 -0.08466 -0.32565 0.00439 -0.07999 -0.02071
-0.00426 -0.43629 0.04930 0.14754 0.05896 0.03710 -0.13815 -0.22532 0.00334 0.07666 0.00319 0.10299 -0.14967 0.07951 0.08466 0.00000 -0.12577 0.02510 0.05355 -0.08793
0.01783 -0.24378 -0.08694 -0.27785 -0.02119 -0.28301 0.01458 0.23778 0.00024 0.06905 -0.00113 0.14852 0.03936 0.05768 0.32565 0.12577 0.09793 -0.00077 -0.20144 -0.07832
0.04785 0.00718 0.12077 0.00549 -0.04489 0.01026 0.11646 0.03833 -0.05905 0.00123 -0.01551 -0.03210 -0.04407 -0.03319 -0.00439 -0.02510 0.00077 0.92958 0.05143 -0.00135
-0.02795 0.02282 0.21244 0.14272 -0.04224 -0.05921 0.09249 0.05578 0.01357 -0.06879 -0.00523 0.02923 0.03408 0.11115 0.07999 -0.05355 0.20144 -0.05143 0.00000 -0.13388
0.03485 0.33323 0.17259 -0.08333 -0.01574 -0.04983 0.00950 0.01372 -0.01680 0.06567 -0.00301 0.25248 0.15743 0.17160 0.02071 0.08793 0.07832 0.00135 0.13388 0.00000
